funding_time_ms,interval_hours,rate
1644566400009,8,0.00010000
1644595200015,8,0.00010000
1644624000020,8,0.00010000
1644652800001,8,0.00010000
1644681600007,8,0.00010000
1644710400022,8,0.00010000
1644739200001,8,0.00010000
1644768000007,8,0.00010000
1644796800005,8,0.00010000
1644825600013,8,0.00010000
1644854400019,8,0.00010000
1644883200012,8,0.00010000
1644912000005,8,0.00010000
1644940800011,8,0.00010000
1644969600009,8,0.00010000
1644998400001,8,0.00010000
1645027200014,8,0.00010000
1645056000018,8,0.00010000
1645084800000,8,0.00010000
1645113600010,8,0.00010000
1645142400000,8,0.00010000
1645171200002,8,0.00010000
1645200000000,8,0.00010000
1645228800007,8,0.00010000
1645257600000,8,0.00010000
1645286400023,8,0.00010000
1645315200001,8,0.00010000
1645344000003,8,0.00010000
1645372800001,8,0.00010000
1645401600000,8,0.00010000
1645430400001,8,0.00010000
1645459200005,8,0.00010000
1645488000005,8,0.00010000
1645516800000,8,0.00010000
1645545600000,8,0.00010000
1645574400002,8,0.00010000
1645603200005,8,0.00010000
1645632000010,8,0.00010000
1645660800008,8,0.00010000
1645689600003,8,0.00010000
1645718400001,8,0.00010000
1645747200000,8,0.00010000
1645776000006,8,0.00010000
1645804800001,8,0.00010000
1645833600004,8,0.00010000
1645862400004,8,0.00010000
1645891200007,8,0.00010000
1645920000012,8,0.00010000
1645948800000,8,0.00010000
1645977600000,8,0.00010000
1646006400000,8,0.00008172
1646035200001,8,0.00010000
1646064000002,8,0.00010000
1646092800002,8,0.00010000
1646121600001,8,0.00010000
1646150400000,8,0.00010000
1646179200000,8,0.00010000
1646208000000,8,0.00010000
1646236800002,8,0.00010000
1646265600000,8,0.00010000
1646294400000,8,0.00010000
1646323200005,8,0.00010000
1646352000018,8,0.00010000
1646380800000,8,0.00010000
1646409600000,8,0.00010000
1646438400006,8,-0.00019384
1646467200004,8,0.00010000
1646496000000,8,0.00010000
1646524800004,8,0.00010000
1646553600000,8,0.00010000
1646582400013,8,-0.00000376
1646611200008,8,-0.00004845
1646640000006,8,0.00006143
1646668800000,8,-0.00522856
1646697600008,8,0.00004511
1646726400002,8,-0.00083448
1646755200000,8,-0.00168060
1646784000008,8,-0.00065837
1646812800000,8,-0.00077849
1646841600004,8,-0.00046102
1646870400000,8,0.00010000
1646899200017,8,0.00004775
1646928000000,8,-0.00008386
1646956800008,8,-0.00040700
1646985600000,8,0.00004753
1647014400001,8,-0.00013827
1647043200010,8,-0.00003407
1647072000001,8,-0.00012998
1647100800002,8,-0.00015644
1647129600008,8,-0.00005985
1647158400000,8,-0.00008209
1647187200002,8,0.00010000
1647216000014,8,0.00010000
1647244800005,8,0.00007820
1647273600002,8,0.00005815
1647302400008,8,0.00010000
1647331200000,8,0.00010000
1647360000006,8,0.00010000
1647388800013,8,0.00010000
1647417600000,8,0.00010000
1647446400008,8,0.00010000
1647475200004,8,-0.00002197
1647504000000,8,0.00010000
1647532800004,8,0.00010000
1647561600000,8,0.00010000
1647590400000,8,0.00010000
1647619200017,8,-0.00011760
1647648000008,8,0.00010000
1647676800015,8,0.00010000
1647705600000,8,0.00010000
1647734400000,8,0.00010000
1647763200001,8,0.00010000
1647792000002,8,0.00010000
1647820800013,8,0.00010000
1647849600004,8,0.00010000
1647878400010,8,0.00010000
1647907200012,8,0.00010000
1647936000001,8,0.00010000
1647964800022,8,0.00010000
1647993600007,8,0.00010000
1648022400000,8,0.00010000
1648051200006,8,0.00010000
1648080000013,8,0.00010000
1648108800006,8,0.00010000
1648137600020,8,0.00010000
1648166400010,8,0.00010000
1648195200001,8,0.00010000
1648224000014,8,0.00010000
1648252800020,8,0.00010000
1648281600006,8,0.00010000
1648310400000,8,0.00010000
1648339200004,8,0.00010000
1648368000001,8,0.00010000
1648396800006,8,0.00010000
1648425600012,8,0.00010000
1648454400007,8,0.00010000
1648483200000,8,0.00010000
1648512000000,8,0.00010000
1648540800015,8,0.00010000
1648569600000,8,0.00010000
1648598400000,8,0.00010000
1648627200002,8,0.00010000
1648656000028,8,0.00010000
1648684800017,8,0.00010000
1648713600000,8,0.00011059
1648742400015,8,0.00010000
1648771200000,8,0.00010000
1648800000000,8,0.00010000
1648828800018,8,0.00010000
1648857600000,8,0.00010000
1648886400002,8,0.00010000
1648915200006,8,0.00010000
1648944000018,8,0.00010000
1648972800018,8,0.00010000
1649001600015,8,0.00010000
1649030400006,8,0.00010000
1649059200000,8,0.00010000
1649088000016,8,0.00010000
1649116800000,8,0.00010000
1649145600010,8,0.00010000
1649174400008,8,0.00010000
1649203200001,8,0.00010000
1649232000021,8,0.00010000
1649260800000,8,0.00010000
1649289600009,8,0.00010000
1649318400000,8,0.00010000
1649347200000,8,0.00010000
1649376000000,8,0.00006745
1649404800004,8,0.00009444
1649433600008,8,0.00007931
1649462400008,8,0.00006519
1649491200000,8,0.00007872
1649520000001,8,0.00010000
1649548800004,8,0.00010000
1649577600007,8,0.00010000
1649606400016,8,0.00010000
1649635200000,8,0.00010000
1649664000000,8,0.00010000
1649692800009,8,0.00006220
1649721600000,8,-0.00006050
1649750400006,8,-0.00005503
1649779200013,8,-0.00010763
1649808000005,8,0.00002859
1649836800008,8,0.00010000
1649865600013,8,0.00002945
1649894400007,8,0.00005045
1649923200000,8,0.00010000
1649952000006,8,0.00010000
1649980800008,8,0.00010000
1650009600002,8,0.00010000
1650038400000,8,0.00010000
1650067200011,8,0.00010000
1650096000007,8,0.00010000
1650124800007,8,0.00010000
1650153600000,8,0.00005493
1650182400004,8,-0.00000735
1650211200000,8,0.00010000
1650240000008,8,0.00006648
1650268800012,8,-0.00025366
1650297600000,8,0.00000138
1650326400021,8,0.00006903
1650355200031,8,0.00010000
1650384000000,8,0.00010000
1650412800025,8,0.00010000
1650441600003,8,0.00010000
1650470400000,8,0.00010000
1650499200000,8,0.00010000
1650528000000,8,0.00010000
1650556800024,8,0.00010000
1650585600008,8,0.00010000
1650614400008,8,0.00010000
1650643200008,8,0.00010000
1650672000000,8,0.00010000
1650700800000,8,0.00010000
1650729600012,8,0.00010000
1650758400004,8,0.00010000
1650787200003,8,0.00010000
1650816000000,8,0.00010000
1650844800008,8,0.00010000
1650873600018,8,0.00000317
1650902400000,8,0.00005497
1650931200014,8,0.00010000
1650960000000,8,0.00010000
1650988800017,8,0.00010000
1651017600012,8,-0.00005178
1651046400000,8,0.00004033
1651075200002,8,0.00004633
1651104000000,8,0.00003860
1651132800004,8,0.00010000
1651161600030,8,0.00009352
1651190400000,8,0.00003298
1651219200016,8,0.00010000
1651248000010,8,0.00010000
1651276800000,8,-0.00011716
1651305600005,8,0.00010000
1651334400015,8,0.00004536
1651363200000,8,-0.00027708
1651392000000,8,-0.00037489
1651420800010,8,-0.00030850
1651449600018,8,-0.00020453
1651478400007,8,-0.00049191
1651507200000,8,-0.00033185
1651536000006,8,-0.00036895
1651564800000,8,-0.00010652
1651593600021,8,-0.00014083
1651622400007,8,-0.00005909
1651651200011,8,-0.00014155
1651680000000,8,0.00002907
1651708800005,8,-0.00003206
1651737600019,8,0.00010000
1651766400005,8,0.00007378
1651795200005,8,-0.00004633
1651824000001,8,-0.00017103
1651852800010,8,-0.00000628
1651881600004,8,0.00002882
1651910400016,8,0.00008559
1651939200011,8,-0.00000455
1651968000000,8,0.00002180
1651996800007,8,0.00002774
1652025600015,8,0.00003476
1652054400000,8,0.00003941
1652083200001,8,-0.00006676
1652112000000,8,-0.00007242
1652140800000,8,-0.00027623
1652169600007,8,-0.00002248
1652198400008,8,0.00010000
1652227200004,8,-0.00018543
1652256000007,8,-0.00021876
1652284800008,8,-0.00160552
1652313600014,8,-0.00088620
1652342400000,8,-0.00179866
1652371200007,8,-0.00005981
1652400000014,8,-0.00041019
1652428800001,8,0.00010000
1652457600000,8,0.00006648
1652486400000,8,0.00010000
1652515200000,8,-0.00003152
1652544000001,8,0.00010000
1652572800000,8,0.00005423
1652601600000,8,-0.00000935
1652630400000,8,0.00010000
1652659200021,8,-0.00034285
1652688000013,8,-0.00013521
1652716800006,8,0.00000533
1652745600000,8,-0.00018126
1652774400010,8,0.00004129
1652803200023,8,0.00001752
1652832000003,8,0.00004224
1652860800024,8,0.00010000
1652889600014,8,0.00004873
1652918400000,8,0.00007774
1652947200008,8,0.00003104
1652976000015,8,0.00008069
1653004800001,8,-0.00001665
1653033600003,8,0.00010000
1653062400012,8,0.00004780
1653091200008,8,-0.00014206
1653120000001,8,-0.00012414
1653148800007,8,0.00002287
1653177600003,8,-0.00001476
1653206400016,8,0.00008945
1653235200000,8,0.00003505
1653264000011,8,0.00008171
1653292800000,8,0.00005040
1653321600023,8,0.00010000
1653350400011,8,-0.00007517
1653379200000,8,0.00008041
1653408000009,8,-0.00004103
1653436800001,8,0.00010000
1653465600000,8,-0.00013463
1653494400015,8,-0.00018271
1653523200005,8,-0.00010374
1653552000001,8,-0.00011657
1653580800000,8,-0.00036792
1653609600007,8,-0.00012337
1653638400008,8,-0.00034004
1653667200000,8,-0.00059175
1653696000018,8,-0.00056670
1653724800016,8,-0.00035600
1653753600013,8,-0.00021208
1653782400000,8,-0.00007372
1653811200025,8,-0.00018958
1653840000002,8,-0.00014381
1653868800000,8,0.00010000
1653897600013,8,0.00009888
1653926400005,8,0.00010000
1653955200016,8,0.00010000
1653984000000,8,0.00010000
1654012800000,8,0.00010000
1654041600000,8,0.00010000
1654070400011,8,0.00010000
1654099200000,8,0.00010000
1654128000000,8,0.00005171
1654156800006,8,-0.00001824
1654185600021,8,-0.00002231
1654214400016,8,-0.00004751
1654243200016,8,-0.00003480
1654272000012,8,-0.00022167
1654300800005,8,-0.00004719
1654329600000,8,-0.00012511
1654358400007,8,-0.00000731
1654387200005,8,-0.00010409
1654416000015,8,-0.00009329
1654444800000,8,-0.00011252
1654473600000,8,0.00003755
1654502400017,8,0.00010000
1654531200000,8,0.00010000
1654560000000,8,-0.00002430
1654588800011,8,-0.00001395
1654617600000,8,-0.00001569
1654646400008,8,0.00004161
1654675200020,8,-0.00001409
1654704000012,8,-0.00010358
1654732800000,8,0.00007124
1654761600000,8,0.00000686
1654790400000,8,0.00010000
1654819200009,8,0.00004870
1654848000000,8,-0.00004045
1654876800006,8,-0.00008256
1654905600018,8,-0.00025473
1654934400014,8,-0.00006086
1654963200000,8,-0.00022976
1654992000015,8,-0.00029847
1655020800019,8,-0.00043583
1655049600010,8,-0.00027193
1655078400009,8,-0.00027650
1655107200000,8,-0.00058486
1655136000007,8,-0.00050393
1655164800013,8,-0.00033380
1655193600008,8,0.00000117
1655222400006,8,-0.00023737
1655251200000,8,-0.00006335
1655280000016,8,-0.00027524
1655308800008,8,-0.00016568
1655337600009,8,-0.00040935
1655366400016,8,0.00010000
1655395200000,8,-0.00013481
1655424000008,8,-0.00011561
1655452800003,8,0.00001939
1655481600000,8,-0.00028166
1655510400020,8,-0.00019579
1655539200025,8,-0.00030511
1655568000014,8,-0.00043313
1655596800012,8,-0.00051452
1655625600012,8,-0.00017603
1655654400008,8,-0.00001058
1655683200016,8,0.00010000
1655712000000,8,0.00010000
1655740800013,8,0.00010000
1655769600012,8,0.00010000
1655798400018,8,0.00010000
1655827200010,8,0.00010000
1655856000000,8,0.00010000
1655884800001,8,0.00010000
1655913600012,8,0.00010000
1655942400000,8,0.00010000
1655971200000,8,0.00010000
1656000000016,8,0.00010000
1656028800005,8,0.00010000
1656057600004,8,0.00010000
1656086400018,8,0.00010000
1656115200001,8,0.00010000
1656144000010,8,0.00010000
1656172800000,8,0.00010000
1656201600002,8,0.00010000
1656230400016,8,0.00010000
1656259200006,8,0.00010000
1656288000008,8,0.00010000
1656316800000,8,0.00010000
1656345600016,8,0.00010000
1656374400016,8,0.00010000
1656403200001,8,0.00006906
1656432000005,8,0.00010000
1656460800000,8,0.00010000
1656489600013,8,-0.00018537
1656518400000,8,-0.00013945
1656547200000,8,0.00010000
1656576000000,8,-0.00003331
1656604800000,8,-0.00024047
1656633600001,8,-0.00027714
1656662400017,8,0.00004198
1656691200005,8,-0.00003962
1656720000000,8,0.00007443
1656748800000,8,0.00005875
1656777600008,8,0.00007457
1656806400015,8,0.00010000
1656835200004,8,0.00010000
1656864000005,8,0.00010000
1656892800021,8,0.00010000
1656921600001,8,0.00010000
1656950400000,8,0.00010000
1656979200000,8,0.00010000
1657008000000,8,0.00010000
1657036800015,8,0.00010000
1657065600006,8,0.00010000
1657094400000,8,0.00005558
1657123200000,8,0.00006776
1657152000010,8,0.00010000
1657180800010,8,0.00010000
1657209600011,8,0.00000762
1657238400008,8,0.00010000
1657267200009,8,0.00010000
1657296000000,8,0.00010000
1657324800000,8,0.00010000
1657353600000,8,0.00010000
1657382400009,8,0.00010000
1657411200001,8,0.00010000
1657440000002,8,-0.00087465
1657468800001,8,-0.00053247
1657497600000,8,-0.00051959
1657526400003,8,-0.00037468
1657555200001,8,-0.00045788
1657584000000,8,-0.00011484
1657612800021,8,-0.00013463
1657641600000,8,-0.00014283
1657670400012,8,0.00005125
1657699200022,8,-0.00000272
1657728000005,8,0.00004116
1657756800017,8,0.00007153
1657785600001,8,0.00010000
1657814400000,8,-0.00015179
1657843200004,8,-0.00015811
1657872000019,8,0.00008519
1657900800017,8,0.00010000
1657929600021,8,-0.00000130
1657958400014,8,0.00010000
1657987200005,8,0.00010000
1658016000000,8,0.00010000
1658044800003,8,0.00010000
1658073600007,8,0.00010000
1658102400001,8,0.00010000
1658131200004,8,0.00010000
1658160000019,8,0.00010000
1658188800000,8,0.00010000
1658217600000,8,0.00010000
1658246400001,8,0.00010000
1658275200004,8,0.00010000
1658304000000,8,0.00010000
1658332800003,8,0.00010000
1658361600000,8,0.00010000
1658390400018,8,0.00010000
1658419200011,8,0.00010000
1658448000014,8,0.00010000
1658476800000,8,0.00010000
1658505600000,8,0.00010000
1658534400004,8,0.00010000
1658563200002,8,0.00010000
1658592000001,8,0.00010000
1658620800000,8,0.00010000
1658649600011,8,0.00010000
1658678400000,8,0.00010000
1658707200000,8,0.00007367
1658736000014,8,0.00008075
1658764800006,8,0.00010000
1658793600010,8,0.00010000
1658822400000,8,0.00004423
1658851200000,8,0.00003461
1658880000008,8,0.00001864
1658908800000,8,0.00010000
1658937600003,8,-0.00001062
1658966400009,8,0.00000626
1658995200008,8,0.00004882
1659024000013,8,0.00010000
1659052800000,8,0.00010000
1659081600000,8,0.00010000
1659110400000,8,0.00010000
1659139200005,8,0.00010000
1659168000009,8,0.00010000
1659196800000,8,0.00010000
1659225600022,8,0.00010000
1659254400011,8,0.00010000
1659283200019,8,0.00010000
1659312000010,8,0.00010000
1659340800019,8,0.00010000
1659369600017,8,0.00010000
1659398400000,8,0.00010000
1659427200007,8,0.00010000
1659456000014,8,0.00010000
1659484800001,8,0.00010000
1659513600020,8,0.00000191
1659542400008,8,0.00004339
1659571200001,8,0.00010000
1659600000009,8,0.00010000
1659628800015,8,0.00010000
1659657600005,8,0.00010000
1659686400000,8,0.00010000
1659715200000,8,0.00010000
1659744000021,8,0.00010000
1659772800000,8,0.00010000
1659801600015,8,0.00010000
1659830400013,8,0.00010000
1659859200000,8,0.00010000
1659888000014,8,0.00010000
1659916800009,8,0.00010000
1659945600006,8,0.00010000
1659974400000,8,0.00010000
1660003200020,8,0.00010000
1660032000000,8,0.00010000
1660060800000,8,0.00010000
1660089600000,8,-0.00009178
1660118400016,8,0.00010000
1660147200018,8,0.00010000
1660176000012,8,0.00010000
1660204800000,8,0.00010000
1660233600000,8,0.00010000
1660262400006,8,0.00010000
1660291200000,8,0.00010000
1660320000005,8,0.00010000
1660348800012,8,0.00010000
1660377600006,8,0.00010000
1660406400018,8,0.00010000
1660435200000,8,0.00010000
1660464000000,8,0.00010000
1660492800000,8,0.00010000
1660521600010,8,0.00006803
1660550400002,8,0.00010000
1660579200010,8,0.00010000
1660608000010,8,0.00010000
1660636800002,8,0.00010000
1660665600000,8,0.00010000
1660694400020,8,0.00010000
1660723200016,8,0.00010000
1660752000001,8,0.00010000
1660780800005,8,0.00005056
1660809600012,8,0.00008234
1660838400013,8,0.00010000
1660867200000,8,-0.00015965
1660896000000,8,-0.00039898
1660924800009,8,-0.00028240
1660953600000,8,-0.00044559
1660982400005,8,-0.00047962
1661011200000,8,0.00004715
1661040000010,8,-0.00009572
1661068800013,8,-0.00005824
1661097600000,8,0.00010000
1661126400011,8,0.00010000
1661155200005,8,0.00010000
1661184000005,8,-0.00001843
1661212800000,8,0.00010000
1661241600021,8,0.00010000
1661270400005,8,0.00010000
1661299200017,8,0.00010000
1661328000021,8,0.00010000
1661356800000,8,0.00010000
1661385600003,8,0.00010000
1661414400000,8,0.00010000
1661443200004,8,0.00010000
1661472000001,8,0.00010000
1661500800004,8,0.00009594
1661529600000,8,0.00006943
1661558400010,8,-0.00031856
1661587200007,8,-0.00044072
1661616000008,8,-0.00041056
1661644800019,8,-0.00033050
1661673600000,8,-0.00043293
1661702400000,8,-0.00016058
1661731200000,8,-0.00024303
1661760000000,8,-0.00077258
1661788800001,8,-0.00021403
1661817600001,8,-0.00017329
1661846400005,8,-0.00000956
1661875200010,8,0.00010000
1661904000000,8,0.00010000
1661932800005,8,0.00010000
1661961600013,8,0.00010000
1661990400012,8,0.00010000
1662019200000,8,0.00010000
1662048000013,8,0.00003315
1662076800002,8,0.00010000
1662105600013,8,0.00010000
1662134400000,8,-0.00002832
1662163200000,8,0.00005927
1662192000002,8,0.00010000
1662220800007,8,0.00010000
1662249600008,8,0.00010000
1662278400009,8,0.00010000
1662307200000,8,0.00010000
1662336000015,8,0.00010000
1662364800013,8,0.00005724
1662393600007,8,0.00005495
1662422400018,8,0.00010000
1662451200020,8,0.00010000
1662480000028,8,0.00010000
1662508800013,8,-0.00041126
1662537600022,8,-0.00023857
1662566400021,8,-0.00024547
1662595200010,8,0.00010000
1662624000000,8,0.00010000
1662652800003,8,0.00010000
1662681600011,8,0.00010000
1662710400000,8,0.00010000
1662739200000,8,0.00010000
1662768000003,8,0.00010000
1662796800000,8,0.00010000
1662825600012,8,0.00010000
1662854400009,8,0.00010000
1662883200012,8,0.00010000
1662912000005,8,0.00010000
1662940800007,8,0.00010000
1662969600013,8,0.00010000
1662998400000,8,0.00010000
1663027200004,8,0.00010000
1663056000000,8,0.00010000
1663084800000,8,0.00010000
1663113600000,8,-0.00002480
1663142400000,8,-0.00021832
1663171200000,8,-0.00018757
1663200000019,8,-0.00017807
1663228800012,8,-0.00035064
1663257600007,8,-0.00021634
1663286400000,8,0.00000336
1663315200000,8,0.00010000
1663344000000,8,0.00010000
1663372800000,8,0.00004477
1663401600012,8,0.00003165
1663430400017,8,0.00009541
1663459200000,8,0.00010000
1663488000004,8,0.00010000
1663516800000,8,0.00010000
1663545600018,8,-0.00002236
1663574400006,8,-0.00004797
1663603200010,8,-0.00041507
1663632000007,8,-0.00035186
1663660800001,8,-0.00004301
1663689600000,8,-0.00008161
1663718400001,8,0.00003618
1663747200005,8,0.00005037
1663776000000,8,-0.00006415
1663804800000,8,-0.00052932
1663833600000,8,-0.00013880
1663862400011,8,-0.00007513
1663891200023,8,-0.00016197
1663920000004,8,-0.00004263
1663948800005,8,0.00005936
1663977600000,8,0.00010000
1664006400005,8,0.00010000
1664035200000,8,0.00008371
1664064000010,8,-0.00001629
1664092800000,8,-0.00010166
1664121600003,8,0.00001417
1664150400001,8,-0.00017535
1664179200006,8,-0.00013965
1664208000000,8,-0.00003579
1664236800026,8,-0.00004735
1664265600004,8,0.00010000
1664294400006,8,0.00007702
1664323200011,8,-0.00023943
1664352000000,8,-0.00024849
1664380800000,8,-0.00022425
1664409600010,8,-0.00002715
1664438400000,8,-0.00022297
1664467200000,8,-0.00009980
1664496000006,8,0.00000214
1664524800002,8,-0.00003839
1664553600007,8,0.00001770
1664582400008,8,0.00008568
1664611200011,8,0.00010000
1664640000000,8,-0.00000892
1664668800000,8,-0.00005439
1664697600000,8,0.00005640
1664726400006,8,-0.00002559
1664755200000,8,-0.00018960
1664784000014,8,-0.00016627
1664812800010,8,-0.00004830
1664841600006,8,0.00009081
1664870400004,8,-0.00003679
1664899200013,8,-0.00020235
1664928000000,8,-0.00020484
1664956800000,8,-0.00001931
1664985600012,8,0.00010000
1665014400008,8,0.00000888
1665043200002,8,0.00004060
1665072000006,8,0.00002069
1665100800000,8,-0.00010759
1665129600000,8,0.00010000
1665158400007,8,0.00000682
1665187200010,8,-0.00021783
1665216000004,8,-0.00011931
1665244800018,8,-0.00026745
1665273600000,8,-0.00015207
1665302400007,8,-0.00001657
1665331200011,8,-0.00024949
1665360000018,8,-0.00002691
1665388800000,8,0.00009313
1665417600026,8,-0.00041038
1665446400020,8,-0.00056405
1665475200027,8,-0.00032318
1665504000000,8,-0.00019035
1665532800014,8,-0.00020357
1665561600000,8,-0.00004213
1665590400000,8,-0.00011278
1665619200013,8,-0.00025446
1665648000016,8,-0.00067867
1665676800009,8,-0.00080590
1665705600020,8,-0.00022843
1665734400000,8,-0.00016511
1665763200009,8,-0.00027631
1665792000001,8,-0.00038441
1665820800005,8,-0.00040294
1665849600004,8,-0.00040258
1665878400012,8,-0.00022584
1665907200000,8,-0.00038853
1665936000010,8,-0.00034315
1665964800012,8,-0.00036691
1665993600010,8,-0.00033968
1666022400017,8,-0.00050152
1666051200010,8,-0.00012484
1666080000008,8,-0.00014538
1666108800000,8,-0.00017032
1666137600007,8,-0.00023285
1666166400022,8,-0.00033000
1666195200016,8,-0.00058262
1666224000000,8,-0.00090563
1666252800013,8,-0.00050314
1666281600000,8,-0.00005936
1666310400005,8,-0.00005708
1666339200018,8,-0.00032637
1666368000000,8,-0.00048586
1666396800000,8,-0.00063529
1666425600015,8,-0.00062769
1666454400000,8,-0.00075336
1666483200025,8,-0.00049687
1666512000000,8,-0.00044827
1666540800004,8,-0.00039855
1666569600009,8,-0.00072532
1666598400012,8,-0.00073512
1666627200002,8,-0.00079278
1666656000013,8,-0.00115835
1666684800013,8,-0.00103435
1666713600000,8,-0.00076454
1666742400006,8,-0.00098637
1666771200013,8,-0.00056184
1666800000000,8,-0.00042325
1666828800009,8,-0.00051119
1666857600006,8,-0.00028598
1666886400009,8,-0.00082565
1666915200000,8,-0.00055598
1666944000000,8,-0.00040442
1666972800007,8,-0.00007820
1667001600000,8,-0.00009720
1667030400003,8,0.00005211
1667059200010,8,0.00010000
1667088000000,8,0.00010000
1667116800013,8,0.00005146
1667145600009,8,0.00010000
1667174400012,8,-5.8E-7
1667203200000,8,0.00010000
1667232000010,8,-0.00011144
1667260800000,8,-0.00025366
1667289600000,8,-0.00015446
1667318400000,8,-0.00058411
1667347200000,8,-0.00059813
1667376000000,8,-0.00042223
1667404800019,8,-0.00046397
1667433600011,8,-0.00071462
1667462400016,8,-0.00032912
1667491200005,8,-0.00006213
1667520000000,8,-0.00016832
1667548800004,8,-0.00025035
1667577600020,8,-0.00046029
1667606400009,8,-0.00010561
1667635200007,8,-0.00039847
1667664000018,8,-0.00024994
1667692800009,8,0.00005510
1667721600000,8,0.00007745
1667750400010,8,-0.00007417
1667779200012,8,-0.00002180
1667808000014,8,0.00001454
1667836800006,8,-0.00000893
1667865600000,8,-0.00019057
1667894400001,8,-0.00018155
1667923200005,8,-0.00018022
1667952000000,8,-0.00130474
1667980800013,8,-0.00049359
1668009600004,8,-0.00115134
1668038400006,8,-0.00107084
1668067200000,8,-0.00082578
1668096000015,8,-0.00002115
1668124800000,8,0.00006302
1668153600015,8,0.00002400
1668182400027,8,-0.00007832
1668211200007,8,0.00000590
1668240000016,8,-0.00003168
1668268800000,8,-0.00008485
1668297600004,8,-0.00014715
1668326400000,8,-0.00006176
1668355200017,8,0.00004559
1668384000000,8,-0.00016208
1668412800000,8,-0.00018843
1668441600000,8,-0.00006784
1668470400014,8,-0.00025524
1668499200009,8,-0.00000514
1668528000010,8,0.00007880
1668556800011,8,0.00001374
1668585600004,8,0.00006838
1668614400008,8,0.00008005
1668643200000,8,-0.00008972
1668672000000,8,-0.00000349
1668700800006,8,-0.00019668
1668729600004,8,-0.00011526
1668758400016,8,0.00005674
1668787200000,8,0.00004253
1668816000000,8,0.00010000
1668844800004,8,0.00010000
1668873600024,8,0.00010000
1668902400015,8,-0.00004523
1668931200004,8,-0.00007275
1668960000000,8,0.00010000
1668988800006,8,0.00002400
1669017600015,8,-0.00042044
1669046400000,8,-0.00045919
1669075200000,8,-0.00163145
1669104000000,8,-0.00059990
1669132800000,8,-0.00033105
1669161600000,8,0.00010000
1669190400011,8,-0.00012879
1669219200014,8,0.00010000
1669248000007,8,0.00001164
1669276800014,8,0.00010000
1669305600013,8,0.00010000
1669334400004,8,0.00010000
1669363200015,8,0.00010000
1669392000000,8,-0.00004615
1669420800011,8,-0.00001587
1669449600000,8,0.00010000
1669478400000,8,0.00010000
1669507200012,8,0.00008302
1669536000000,8,0.00005428
1669564800003,8,0.00010000
1669593600015,8,0.00006343
1669622400004,8,0.00000916
1669651200011,8,-0.00000411
1669680000000,8,-0.00009949
1669708800015,8,0.00007740
1669737600000,8,0.00010000
1669766400007,8,0.00009927
1669795200000,8,-0.00001830
1669824000015,8,0.00004102
1669852800001,8,-0.00014042
1669881600006,8,-0.00046787
1669910400000,8,0.00010000
1669939200001,8,0.00006256
1669968000016,8,-0.00003287
1669996800017,8,0.00007956
1670025600006,8,0.00010000
1670054400000,8,0.00010000
1670083200011,8,0.00010000
1670112000006,8,0.00009650
1670140800000,8,0.00004361
1670169600006,8,0.00000440
1670198400002,8,-0.00001910
1670227200011,8,-0.00005943
1670256000008,8,0.00010000
1670284800014,8,-0.00001503
1670313600027,8,0.00010000
1670342400009,8,-0.00003505
1670371200000,8,0.00002701
1670400000000,8,0.00004011
1670428800000,8,-0.00030137
1670457600006,8,-0.00030627
1670486400000,8,0.00009420
1670515200014,8,-0.00015556
1670544000017,8,-0.00005063
1670572800005,8,-0.00019260
1670601600000,8,-0.00008417
1670630400009,8,0.00009071
1670659200010,8,0.00004875
1670688000001,8,0.00006038
1670716800011,8,-0.00005082
1670745600007,8,0.00010000
1670774400011,8,0.00010000
1670803200000,8,-0.00000515
1670832000004,8,0.00005587
1670860800000,8,0.00004981
1670889600000,8,-0.00002881
1670918400018,8,-0.00000113
1670947200011,8,0.00009965
1670976000010,8,0.00010000
1671004800015,8,0.00010000
1671033600004,8,-0.00027219
1671062400000,8,-0.00001192
1671091200023,8,-0.00124845
1671120000010,8,0.00007315
1671148800016,8,0.00009353
1671177600011,8,0.00010000
1671206400001,8,0.00010000
1671235200001,8,0.00000993
1671264000011,8,-0.00048749
1671292800011,8,0.00005206
1671321600008,8,-0.00009466
1671350400001,8,-0.00028264
1671379200012,8,-0.00025154
1671408000000,8,-0.00020731
1671436800000,8,-0.00018856
1671465600000,8,-0.00069907
1671494400005,8,-0.00226083
1671523200016,8,-0.00346505
1671552000000,8,-0.00039767
1671580800007,8,-0.00004329
1671609600012,8,0.00008323
1671638400017,8,0.00010000
1671667200004,8,-0.00007111
1671696000000,8,-0.00026267
1671724800001,8,-0.00019169
1671753600018,8,-0.00009566
1671782400000,8,-0.00009963
1671811200000,8,0.00004612
1671840000001,8,-0.00000712
1671868800007,8,-0.00015251
1671897600008,8,-0.00006488
1671926400000,8,-0.00013853
1671955200013,8,-0.00012508
1671984000000,8,-0.00015122
1672012800001,8,0.00010000
1672041600000,8,0.00002004
1672070400005,8,0.00010000
1672099200005,8,0.00009171
1672128000010,8,-0.00050940
1672156800006,8,-0.00012270
1672185600010,8,-0.00001562
1672214400010,8,-0.00018409
1672243200010,8,-0.00008897
1672272000011,8,-0.00010658
1672300800000,8,-0.00042691
1672329600008,8,-0.00086915
1672358400000,8,-0.00041368
1672387200000,8,-0.00036069
1672416000000,8,-0.00060247
1672444800014,8,-0.00050778
1672473600000,8,-0.00081146
1672502400000,8,-0.00079078
1672531200000,8,-0.00028441
1672560000008,8,-0.00069725
1672588800000,8,-0.00105579
1672617600000,8,-0.00084181
1672646400008,8,-0.00048486
1672675200015,8,-0.00092752
1672704000003,8,-0.00030262
1672732800018,8,-0.00020812
1672761600000,8,-0.00042615
1672790400000,8,-0.00047959
1672819200016,8,-0.00067916
1672848000011,8,-0.00007424
1672876800009,8,-0.00014022
1672905600011,8,-0.00012278
1672934400000,8,0.00004720
1672963200005,8,0.00006621
1672992000001,8,-0.00017577
1673020800000,8,0.00010000
1673049600006,8,-0.00006511
1673078400017,8,0.00009089
1673107200000,8,0.00009173
1673136000015,8,0.00010000
1673164800000,8,0.00010000
1673193600010,8,0.00010000
1673222400003,8,0.00010000
1673251200000,8,0.00010000
1673280000006,8,0.00010000
1673308800003,8,0.00010000
1673337600021,8,0.00010000
1673366400000,8,0.00010000
1673395200011,8,0.00007164
1673424000006,8,0.00010000
1673452800004,8,0.00010000
1673481600000,8,0.00010000
1673510400000,8,0.00010000
1673539200000,8,0.00010000
1673568000004,8,0.00010000
1673596800000,8,0.00010000
1673625600018,8,0.00010000
1673654400000,8,0.00010000
1673683200001,8,0.00010000
1673712000000,8,0.00010000
1673740800010,8,0.00010000
1673769600002,8,0.00021400
1673798400000,8,0.00010000
1673827200010,8,0.00010000
1673856000007,8,0.00010000
1673884800000,8,0.00010000
1673913600004,8,0.00010000
1673942400005,8,0.00010000
1673971200001,8,0.00010000
1674000000008,8,0.00010000
1674028800009,8,0.00010000
1674057600017,8,0.00010000
1674086400000,8,0.00010000
1674115200015,8,0.00010000
1674144000012,8,0.00010000
1674172800000,8,0.00010000
1674201600000,8,0.00010000
1674230400000,8,0.00010000
1674259200013,8,0.00010000
1674288000001,8,0.00010000
1674316800016,8,0.00010000
1674345600000,8,0.00012880
1674374400000,8,0.00010000
1674403200023,8,0.00010000
1674432000014,8,0.00010000
1674460800014,8,0.00010000
1674489600016,8,0.00010000
1674518400008,8,0.00010000
1674547200008,8,0.00010000
1674576000000,8,0.00010150
1674604800012,8,0.00010000
1674633600000,8,0.00010000
1674662400010,8,0.00010000
1674691200010,8,0.00010000
1674720000003,8,0.00010000
1674748800020,8,0.00010000
1674777600008,8,0.00010000
1674806400000,8,0.00010000
1674835200000,8,0.00010000
1674864000009,8,0.00017914
1674892800018,8,0.00025784
1674921600005,8,0.00010000
1674950400011,8,0.00010000
1674979200000,8,0.00010000
1675008000008,8,0.00010000
1675036800001,8,0.00010000
1675065600000,8,0.00010000
1675094400000,8,0.00010000
1675123200005,8,0.00010000
1675152000000,8,0.00010000
1675180800007,8,0.00010000
1675209600013,8,0.00010000
1675238400000,8,0.00010000
1675267200012,8,0.00010000
1675296000004,8,0.00010000
1675324800023,8,0.00021300
1675353600003,8,0.00013239
1675382400010,8,0.00010000
1675411200000,8,0.00018071
1675440000000,8,0.00010000
1675468800010,8,0.00040064
1675497600000,8,0.00036600
1675526400000,8,0.00023432
1675555200016,8,0.00030664
1675584000009,8,0.00047181
1675612800018,8,0.00010843
1675641600001,8,0.00011252
1675670400000,8,0.00010000
1675699200012,8,0.00010000
1675728000004,8,0.00010000
1675756800011,8,0.00010000
1675785600018,8,0.00011804
1675814400009,8,0.00010000
1675843200010,8,0.00030396
1675872000000,8,0.00047358
1675900800014,8,0.00015441
1675929600006,8,0.00010000
1675958400001,8,0.00010000
1675987200012,8,0.00010000
1676016000005,8,0.00010000
1676044800020,8,0.00010000
1676073600007,8,0.00010000
1676102400002,8,0.00010000
1676131200021,8,0.00010000
1676160000004,8,0.00010000
1676188800000,8,0.00010000
1676217600002,8,0.00010000
1676246400006,8,0.00010000
1676275200008,8,0.00010000
1676304000002,8,0.00010000
1676332800013,8,0.00010000
1676361600014,8,0.00010000
1676390400016,8,0.00010000
1676419200011,8,0.00010000
1676448000000,8,0.00010000
1676476800005,8,0.00010000
1676505600019,8,0.00010000
1676534400000,8,0.00010000
1676563200001,8,0.00010000
1676592000003,8,0.00010000
1676620800016,8,0.00010000
1676649600000,8,0.00010000
1676678400011,8,0.00010000
1676707200000,8,0.00010000
1676736000007,8,0.00010000
1676764800019,8,0.00010000
1676793600005,8,0.00010000
1676822400003,8,0.00010000
1676851200006,8,0.00010000
1676880000008,8,0.00010000
1676908800006,8,0.00010000
1676937600001,8,0.00010000
1676966400004,8,0.00011233
1676995200011,8,0.00010000
1677024000009,8,0.00010000
1677052800010,8,0.00010000
1677081600000,8,0.00010000
1677110400006,8,0.00010000
1677139200005,8,0.00010000
1677168000002,8,0.00010000
1677196800015,8,0.00010000
1677225600011,8,0.00010000
1677254400014,8,0.00010000
1677283200015,8,0.00010000
1677312000015,8,0.00010000
1677340800015,8,0.00010000
1677369600007,8,0.00010000
1677398400012,8,0.00010000
1677427200000,8,0.00010000
1677456000011,8,0.00010000
1677484800003,8,0.00010000
1677513600000,8,0.00010000
1677542400011,8,0.00010000
1677571200018,8,0.00010000
1677600000005,8,0.00010000
1677628800016,8,0.00010000
1677657600000,8,0.00010000
1677686400008,8,0.00010000
1677715200009,8,0.00010000
1677744000013,8,0.00010000
1677772800000,8,0.00010000
1677801600000,8,0.00010000
1677830400013,8,-0.00024365
1677859200000,8,0.00010000
1677888000001,8,0.00001604
1677916800008,8,0.00010000
1677945600012,8,0.00000594
1677974400000,8,-0.00004335
1678003200000,8,-0.00004358
1678032000015,8,0.00010000
1678060800007,8,0.00010000
1678089600017,8,0.00010000
1678118400000,8,0.00010000
1678147200009,8,0.00010000
1678176000016,8,0.00010000
1678204800017,8,0.00010000
1678233600000,8,0.00010000
1678262400014,8,-0.00010488
1678291200021,8,0.00010000
1678320000010,8,-0.00029652
1678348800013,8,-0.00024109
1678377600002,8,-0.00008212
1678406400000,8,-0.00011127
1678435200000,8,-0.00008268
1678464000005,8,-0.00041743
1678492800011,8,-0.00049128
1678521600003,8,-0.00047057
1678550400011,8,-0.00014296
1678579200001,8,-0.00041540
1678608000000,8,-0.00041453
1678636800005,8,-0.00039325
1678665600010,8,-0.00020070
1678694400018,8,0.00010000
1678723200003,8,0.00010000
1678752000010,8,0.00010000
1678780800009,8,0.00010000
1678809600010,8,0.00010000
1678838400011,8,0.00075992
1678867200000,8,0.00016654
1678896000012,8,0.00010000
1678924800004,8,0.00010000
1678953600018,8,0.00010000
1678982400005,8,0.00010000
1679011200017,8,0.00010000
1679040000010,8,0.00010000
1679068800003,8,0.00010000
1679097600012,8,0.00010000
1679126400000,8,0.00010000
1679155200016,8,0.00010000
1679184000013,8,0.00010000
1679212800024,8,0.00010000
1679241600000,8,0.00010000
1679270400005,8,0.00010000
1679299200012,8,0.00010000
1679328000015,8,0.00010000
1679356800006,8,-0.00004305
1679385600004,8,-0.00002970
1679414400003,8,-0.00020160
1679443200000,8,0.00010000
1679472000003,8,0.00004477
1679500800000,8,0.00010000
1679529600016,8,0.00010000
1679558400001,8,0.00010000
1679587200013,8,0.00010000
1679616000013,8,0.00002219
1679644800012,8,0.00005602
1679673600027,8,0.00010000
1679702400015,8,0.00010000
1679731200011,8,-0.00007502
1679760000011,8,-0.00010904
1679788800000,8,-0.00018336
1679817600015,8,-0.00012350
1679846400000,8,-0.00020231
1679875200019,8,-0.00015983
1679904000009,8,0.00007861
1679932800000,8,-0.00000407
1679961600007,8,-0.00006441
1679990400000,8,0.00002513
1680019200013,8,-0.00001525
1680048000010,8,0.00000296
1680076800006,8,-0.00001463
1680105600014,8,0.00010000
1680134400000,8,0.00010000
1680163200000,8,0.00005596
1680192000006,8,0.00004239
1680220800003,8,0.00008783
1680249600006,8,-0.00001408
1680278400011,8,0.00007276
1680307200000,8,0.00010000
1680336000000,8,0.00010000
1680364800018,8,0.00009547
1680393600013,8,0.00010000
1680422400014,8,0.00006705
1680451200001,8,0.00010000
1680480000000,8,0.00010000
1680508800013,8,0.00010000
1680537600011,8,0.00010000
1680566400002,8,0.00010000
1680595200017,8,0.00007245
1680624000008,8,0.00010000
1680652800000,8,0.00010000
1680681600016,8,0.00010000
1680710400004,8,0.00010000
1680739200000,8,0.00010000
1680768000011,8,0.00010000
1680796800000,8,0.00010000
1680825600006,8,0.00010000
1680854400005,8,0.00010000
1680883200000,8,0.00010000
1680912000000,8,0.00010000
1680940800014,8,0.00010000
1680969600018,8,0.00010000
1680998400013,8,0.00010000
1681027200024,8,0.00010000
1681056000010,8,0.00010000
1681084800000,8,0.00010000
1681113600010,8,0.00010000
1681142400006,8,0.00010000
1681171200008,8,0.00010000
1681200000007,8,0.00010000
1681228800016,8,0.00010000
1681257600006,8,0.00010000
1681286400008,8,0.00010000
1681315200014,8,0.00010000
1681344000027,8,0.00010000
1681372800010,8,0.00010000
1681401600000,8,0.00010000
1681430400001,8,0.00010000
1681459200008,8,0.00010000
1681488000007,8,0.00010000
1681516800007,8,0.00010000
1681545600007,8,0.00010000
1681574400011,8,0.00010000
1681603200014,8,0.00010000
1681632000007,8,0.00010000
1681660800002,8,0.00010000
1681689600017,8,0.00018890
1681718400006,8,0.00021411
1681747200000,8,0.00019667
1681776000013,8,0.00010000
1681804800017,8,0.00016159
1681833600000,8,0.00012732
1681862400022,8,0.00026118
1681891200014,8,0.00022792
1681920000000,8,0.00010000
1681948800010,8,0.00010000
1681977600012,8,0.00010000
1682006400012,8,0.00010000
1682035200009,8,0.00010000
1682064000009,8,0.00010000
1682092800003,8,0.00010000
1682121600000,8,0.00010000
1682150400000,8,0.00009203
1682179200016,8,0.00010000
1682208000009,8,0.00010000
1682236800020,8,0.00010000
1682265600007,8,0.00010000
1682294400000,8,0.00010000
1682323200008,8,0.00010000
1682352000006,8,0.00010000
1682380800014,8,0.00010000
1682409600009,8,0.00010000
1682438400015,8,0.00010000
1682467200015,8,0.00010000
1682496000013,8,0.00010000
1682524800001,8,0.00010000
1682553600014,8,0.00010000
1682582400008,8,0.00010000
1682611200005,8,0.00009632
1682640000011,8,0.00010000
1682668800007,8,0.00010000
1682697600006,8,0.00010000
1682726400004,8,0.00010000
1682755200016,8,0.00010000
1682784000001,8,0.00010000
1682812800008,8,0.00010000
1682841600000,8,0.00010000
1682870400010,8,0.00010000
1682899200004,8,0.00010000
1682928000008,8,0.00010000
1682956800014,8,0.00010000
1682985600015,8,0.00010000
1683014400018,8,0.00010000
1683043200000,8,0.00010000
1683072000009,8,-0.00001597
1683100800003,8,0.00007818
1683129600011,8,0.00010000
1683158400000,8,0.00010000
1683187200000,8,0.00010000
1683216000011,8,0.00010000
1683244800002,8,0.00010000
1683273600000,8,0.00010000
1683302400000,8,0.00010000
1683331200009,8,0.00010000
1683360000000,8,0.00010000
1683388800000,8,0.00010000
1683417600000,8,0.00010000
1683446400000,8,0.00010000
1683475200006,8,0.00010000
1683504000000,8,0.00010000
1683532800007,8,0.00010000
1683561600015,8,0.00010000
1683590400015,8,0.00006530
1683619200000,8,0.00010000
1683648000000,8,0.00005443
1683676800007,8,-0.00000182
1683705600003,8,0.00007882
1683734400000,8,0.00010000
1683763200011,8,0.00010000
1683792000000,8,0.00007408
1683820800005,8,0.00010000
1683849600020,8,0.00010000
1683878400001,8,0.00010000
1683907200010,8,0.00010000
1683936000000,8,0.00010000
1683964800000,8,0.00010000
1683993600026,8,0.00010000
1684022400029,8,0.00010000
1684051200010,8,0.00009230
1684080000008,8,0.00007399
1684108800006,8,0.00008309
1684137600005,8,0.00010000
1684166400008,8,0.00005640
1684195200021,8,0.00008866
1684224000000,8,0.00010000
1684252800000,8,0.00010000
1684281600010,8,0.00010000
1684310400000,8,0.00007561
1684339200001,8,0.00009063
1684368000000,8,0.00010000
1684396800026,8,0.00008230
1684425600019,8,0.00010000
1684454400000,8,0.00010000
1684483200002,8,0.00010000
1684512000000,8,0.00010000
1684540800005,8,0.00010000
1684569600014,8,0.00010000
1684598400020,8,0.00010000
1684627200014,8,0.00010000
1684656000001,8,0.00010000
1684684800015,8,0.00004692
1684713600028,8,0.00010000
1684742400000,8,0.00010000
1684771200012,8,0.00010000
1684800000006,8,0.00008075
1684828800014,8,0.00010000
1684857600008,8,0.00010000
1684886400000,8,0.00010000
1684915200025,8,0.00010000
1684944000008,8,0.00010000
1684972800000,8,0.00008620
1685001600025,8,0.00010000
1685030400016,8,0.00010000
1685059200000,8,0.00010000
1685088000024,8,0.00010000
1685116800012,8,0.00008403
1685145600012,8,0.00010000
1685174400018,8,0.00010000
1685203200008,8,0.00010000
1685232000017,8,0.00010000
1685260800015,8,0.00010000
1685289600000,8,0.00010000
1685318400000,8,0.00010000
1685347200020,8,0.00010000
1685376000011,8,0.00010000
1685404800003,8,0.00010000
1685433600000,8,0.00010000
1685462400003,8,0.00010000
1685491200013,8,0.00010000
1685520000000,8,0.00010000
1685548800000,8,0.00010000
1685577600008,8,0.00010000
1685606400012,8,0.00010000
1685635200000,8,0.00010000
1685664000000,8,0.00010000
1685692800006,8,0.00010000
1685721600012,8,0.00010000
1685750400000,8,0.00010000
1685779200011,8,0.00010000
1685808000003,8,0.00010000
1685836800000,8,0.00010000
1685865600000,8,0.00010000
1685894400000,8,0.00010000
1685923200005,8,0.00010000
1685952000000,8,0.00010000
1685980800000,8,0.00010000
1686009600000,8,-0.00008924
1686038400009,8,0.00010000
1686067200013,8,0.00006550
1686096000000,8,0.00010000
1686124800016,8,0.00010000
1686153600000,8,0.00008292
1686182400006,8,0.00001161
1686211200000,8,-0.00003928
1686240000000,8,0.00000302
1686268800000,8,0.00007649
1686297600000,8,0.00010000
1686326400000,8,0.00010000
1686355200000,8,0.00010000
1686384000000,8,-0.00016481
1686412800000,8,0.00002850
1686441600001,8,-0.00008709
1686470400000,8,-0.00005354
1686499200000,8,-0.00007061
1686528000000,8,0.00005457
1686556800000,8,0.00008736
1686585600001,8,0.00010000
1686614400000,8,0.00009894
1686643200000,8,0.00000170
1686672000000,8,0.00010000
1686700800000,8,0.00010000
1686729600000,8,0.00004096
1686758400000,8,0.00005311
1686787200000,8,-0.00000447
1686816000000,8,-0.00000173
1686844800000,8,0.00008483
1686873600000,8,-0.00004324
1686902400000,8,-0.00009198
1686931200000,8,0.00008852
1686960000000,8,0.00008429
1686988800000,8,0.00007256
1687017600000,8,0.00008932
1687046400000,8,0.00010000
1687075200000,8,0.00010000
1687104000000,8,0.00010000
1687132800000,8,0.00009914
1687161600000,8,0.00010000
1687190400000,8,0.00010000
1687219200001,8,0.00009622
1687248000000,8,0.00010000
1687276800000,8,0.00010000
1687305600000,8,0.00010000
1687334400000,8,0.00010000
1687363200000,8,0.00010000
1687392000000,8,0.00010000
1687420800001,8,0.00010000
1687449600000,8,0.00010000
1687478400000,8,0.00010000
1687507200000,8,0.00010000
1687536000000,8,0.00010000
1687564800000,8,0.00010000
1687593600000,8,0.00010000
1687622400000,8,0.00010000
1687651200000,8,0.00010000
1687680000000,8,0.00010000
1687708800000,8,0.00010000
1687737600000,8,0.00010000
1687766400000,8,0.00010000
1687795200000,8,0.00010000
1687824000000,8,0.00010000
1687852800000,8,0.00010000
1687881600000,8,0.00010000
1687910400000,8,0.00010000
1687939200000,8,0.00010000
1687968000000,8,0.00010000
1687996800000,8,0.00010000
1688025600000,8,0.00010000
1688054400000,8,0.00010000
1688083200000,8,0.00010000
1688112000000,8,0.00010000
1688140800001,8,0.00010000
1688169600000,8,0.00010000
1688198400000,8,0.00010000
1688227200000,8,0.00010000
1688256000000,8,0.00010000
1688284800000,8,0.00010000
1688313600001,8,0.00010000
1688342400000,8,0.00010000
1688371200000,8,0.00010000
1688400000000,8,0.00010000
1688428800001,8,0.00010000
1688457600000,8,0.00010000
1688486400000,8,0.00010000
1688515200000,8,0.00010000
1688544000000,8,0.00010000
1688572800000,8,0.00008126
1688601600000,8,0.00010000
1688630400000,8,0.00010000
1688659200000,8,0.00010000
1688688000000,8,0.00007085
1688716800000,8,-0.00005484
1688745600000,8,0.00004721
1688774400000,8,0.00010000
1688803200000,8,0.00010000
1688832000000,8,0.00010000
1688860800000,8,0.00010000
1688889600000,8,-0.00000277
1688918400000,8,0.00010000
1688947200000,8,0.00010000
1688976000000,8,0.00010000
1689004800000,8,0.00010000
1689033600000,8,0.00004637
1689062400000,8,0.00009031
1689091200000,8,0.00010000
1689120000000,8,0.00010000
1689148800000,8,0.00010000
1689177600000,8,0.00010000
1689206400000,8,0.00010000
1689235200000,8,0.00010000
1689264000000,8,-0.00004481
1689292800000,8,0.00010000
1689321600000,8,0.00010000
1689350400000,8,0.00010000
1689379200000,8,0.00010000
1689408000000,8,0.00010000
1689436800000,8,0.00010000
1689465600001,8,0.00010000
1689494400000,8,0.00010000
1689523200000,8,0.00010000
1689552000000,8,0.00010000
1689580800000,8,0.00010000
1689609600000,8,0.00010000
1689638400000,8,0.00010000
1689667200000,8,0.00010000
1689696000000,8,0.00010000
1689724800000,8,0.00005137
1689753600000,8,0.00010000
1689782400001,8,0.00010000
1689811200000,8,0.00010000
1689840000000,8,0.00010000
1689868800000,8,0.00010000
1689897600001,8,0.00003321
1689926400000,8,0.00010000
1689955200000,8,0.00010000
1689984000000,8,0.00010000
1690012800000,8,0.00007146
1690041600000,8,0.00010000
1690070400000,8,0.00010000
1690099200000,8,0.00010000
1690128000000,8,0.00010000
1690156800000,8,0.00010000
1690185600000,8,0.00009505
1690214400000,8,-0.00005397
1690243200000,8,-0.00005409
1690272000000,8,0.00006789
1690300800000,8,0.00000609
1690329600000,8,0.00010000
1690358400001,8,-0.00001454
1690387200000,8,0.00010000
1690416000000,8,0.00010000
1690444800000,8,0.00010000
1690473600001,8,0.00010000
1690502400000,8,0.00010000
1690531200000,8,-0.00750000
1690560000000,8,-0.00078842
1690588800000,8,-0.00078089
1690617600000,8,-0.00050614
1690646400001,8,-0.00028435
1690675200000,8,-0.00024125
1690704000000,8,-0.00044915
1690732800000,8,-0.00022364
1690761600000,8,-0.00011646
1690790400000,8,-0.00021289
1690819200001,8,-0.00014618
1690848000000,8,0.00000272
1690876800000,8,-0.00008067
1690905600000,8,0.00003666
1690934400000,8,-0.00000130
1690963200000,8,0.00000670
1690992000000,8,0.00001140
1691020800000,8,0.00010000
1691049600000,8,0.00006730
1691078400001,8,-0.00009448
1691107200000,8,-0.00006056
1691136000000,8,-0.00006387
1691164800000,8,0.00010000
1691193600000,8,0.00010000
1691222400000,8,0.00010000
1691251200001,8,0.00010000
1691280000000,8,0.00010000
1691308800001,8,0.00010000
1691337600005,8,0.00010000
1691366400000,8,0.00010000
1691395200000,8,0.00010000
1691424000000,8,0.00010000
1691452800000,8,0.00010000
1691481600000,8,0.00010000
1691510400000,8,0.00010000
1691539200000,8,0.00010000
1691568000000,8,0.00010000
1691596800000,8,0.00010000
1691625600001,8,0.00010000
1691654400000,8,0.00010000
1691683200000,8,0.00010000
1691712000000,8,0.00010000
1691740800000,8,0.00010000
1691769600000,8,0.00010000
1691798400000,8,0.00010000
1691827200000,8,0.00010000
1691856000000,8,0.00010000
1691884800000,8,0.00010000
1691913600000,8,0.00010000
1691942400000,8,0.00010000
1691971200001,8,0.00010000
1692000000000,8,0.00010000
1692028800000,8,0.00010000
1692057600001,8,0.00009467
1692086400000,8,0.00010000
1692115200000,8,0.00005974
1692144000000,8,0.00009538
1692172800001,8,0.00008123
1692201600000,8,0.00000912
1692230400000,8,0.00003487
1692259200000,8,0.00010000
1692288000000,8,-9.6E-7
1692316800000,8,-0.00030084
1692345600000,8,0.00004640
1692374400000,8,0.00004495
1692403200000,8,0.00005287
1692432000000,8,0.00010000
1692460800000,8,0.00008025
1692489600000,8,0.00003653
1692518400000,8,-0.00001819
1692547200000,8,0.00008633
1692576000000,8,0.00007935
1692604800000,8,0.00009159
1692633600000,8,0.00010000
1692662400000,8,0.00010000
1692691200000,8,0.00010000
1692720000000,8,0.00008018
1692748800000,8,0.00007896
1692777600000,8,0.00000364
1692806400000,8,-0.00013364
1692835200000,8,-0.00018508
1692864000000,8,-0.00090502
1692892800000,8,-0.00030880
1692921600000,8,-0.00029089
1692950400000,8,-0.00042960
1692979200000,8,-0.00040845
1693008000000,8,-0.00026650
1693036800000,8,-0.00014133
1693065600000,8,-0.00020763
1693094400000,8,0.00001381
1693123200000,8,0.00005801
1693152000000,8,0.00005760
1693180800000,8,0.00003824
1693209600001,8,0.00010000
1693238400001,8,0.00007826
1693267200000,8,-0.00000804
1693296000000,8,0.00003944
1693324800000,8,-0.00005848
1693353600000,8,0.00010000
1693382400000,8,0.00010000
1693411200000,8,0.00010000
1693440000000,8,0.00010000
1693468800000,8,0.00010000
1693497600000,8,0.00010000
1693526400000,8,0.00010000
1693555200000,8,0.00006440
1693584000001,8,0.00006207
1693612800000,8,-0.00004057
1693641600000,8,0.00003621
1693670400000,8,0.00008172
1693699200000,8,0.00010000
1693728000000,8,0.00006154
1693756800000,8,-0.00006693
1693785600000,8,-0.00006291
1693814400000,8,0.00003489
1693843200000,8,0.00001675
1693872000000,8,0.00004033
1693900800000,8,0.00007446
1693929600000,8,0.00010000
1693958400000,8,-0.00002630
1693987200000,8,-0.00005989
1694016000001,8,0.00002928
1694044800000,8,0.00006597
1694073600000,8,-0.00013808
1694102400000,8,0.00000272
1694131200000,8,0.00010000
1694160000000,8,0.00010000
1694188800000,8,0.00010000
1694217600000,8,0.00001919
1694246400000,8,0.00001288
1694275200000,8,0.00006164
1694304000000,8,-0.00006160
1694332800000,8,0.00010000
1694361600000,8,0.00003661
1694390400000,8,0.00008018
1694419200000,8,0.00000211
1694448000001,8,0.00007189
1694476800000,8,-0.00001749
1694505600000,8,0.00005395
1694534400000,8,-0.00002722
1694563200000,8,0.00003345
1694592000000,8,-0.00000783
1694620800000,8,0.00002848
1694649600000,8,0.00003096
1694678400001,8,-0.00007326
1694707200000,8,-0.00007084
1694736000000,8,-0.00001539
1694764800000,8,-0.00006148
1694793600000,8,0.00008783
1694822400000,8,0.00010000
1694851200000,8,0.00010000
1694880000000,8,0.00003637
1694908800000,8,0.00010000
1694937600000,8,0.00010000
1694966400000,8,0.00010000
1694995200000,8,0.00004338
1695024000000,8,-0.00007731
1695052800000,8,0.00002112
1695081600000,8,-0.00024614
1695110400001,8,-0.00000398
1695139200000,8,0.00010000
1695168000000,8,-0.00004336
1695196800000,8,0.00010000
1695225600000,8,0.00009944
1695254400001,8,-0.00004276
1695283200000,8,-0.02500000
1695312000000,8,-0.00723555
1695340800000,8,-0.00862233
1695369600000,8,-0.00165787
1695398400000,8,-0.00059201
1695427200000,8,-0.00051828
1695456000000,8,-0.00102606
1695484800000,8,-0.00018962
1695513600000,8,-0.00001760
1695542400000,8,-0.00007618
1695571200000,8,-0.00012646
1695600000000,8,0.00002800
1695628800000,8,-0.00034005
1695657600000,8,-0.00033501
1695686400000,8,-0.00004269
1695715200000,8,0.00003461
1695744000000,8,-0.00015190
1695772800000,8,0.00000453
1695801600001,8,0.00002141
1695830400000,8,0.00005168
1695859200000,8,-0.00002941
1695888000000,8,0.00008199
1695916800000,8,0.00005603
1695945600000,8,0.00007012
1695974400000,8,0.00007911
1696003200000,8,0.00010000
1696032000000,8,0.00010000
1696060800000,8,0.00010000
1696089600000,8,0.00005988
1696118400000,8,0.00010000
1696147200000,8,-0.00000572
1696176000000,8,0.00007893
1696204800000,8,0.00006909
1696233600000,8,0.00009339
1696262400000,8,0.00010000
1696291200000,8,0.00010000
1696320000000,8,0.00004391
1696348800000,8,0.00001120
1696377600000,8,0.00006047
1696406400000,8,0.00004627
1696435200000,8,0.00005797
1696464000000,8,-0.00006443
1696492800000,8,0.00004703
1696521600001,8,-0.00011976
1696550400000,8,7.0E-7
1696579200000,8,-0.00016575
1696608000000,8,-0.00017286
1696636800000,8,-0.00025604
1696665600000,8,-0.00020922
1696694400000,8,0.00005592
1696723200000,8,0.00010000
1696752000001,8,-0.00013015
1696780800000,8,-0.00008785
1696809600000,8,-0.00006393
1696838400000,8,0.00004245
1696867200000,8,-0.00011956
1696896000000,8,-0.00006542
1696924800000,8,0.00004958
1696953600000,8,0.00001937
1696982400000,8,-0.00003079
1697011200000,8,-0.00028314
1697040000000,8,-0.00000442
1697068800000,8,0.00001885
1697097600000,8,-0.00008677
1697112000001,4,0.00001522
1697126400000,4,0.00005000
1697140800000,4,0.00005000
1697155200000,4,0.00005000
1697169600000,4,0.00005000
1697184000000,4,0.00005000
1697198400000,4,0.00005000
1697212800000,4,0.00004416
1697227200000,4,0.00001324
1697241600000,4,0.00005000
1697256000000,4,0.00005000
1697270400000,4,0.00005000
1697284800000,4,0.00005000
1697299200000,4,0.00005000
1697313600000,4,0.00005000
1697328000000,4,0.00005000
1697342400000,4,0.00005000
1697356800000,4,0.00005000
1697371200003,4,0.00005000
1697385600000,4,0.00005000
1697400000000,4,0.00005000
1697414400000,4,0.00005000
1697428800000,4,0.00005000
1697443200000,4,0.00003811
1697457600000,4,0.00002969
1697472000000,4,-0.00007128
1697486400000,4,0.00005000
1697500800000,4,-0.00022783
1697515200000,4,0.00004111
1697529600000,4,0.00005000
1697544000000,4,0.00005000
1697558400000,4,0.00003357
1697572800000,4,0.00002576
1697587200000,4,-0.00004568
1697601600000,4,0.00005000
1697616000000,4,0.00005000
1697630400000,4,0.00005000
1697644800000,4,0.00005000
1697659200000,4,0.00005000
1697673600000,4,-0.00013196
1697688000000,4,-0.00006874
1697702400001,4,0.00005000
1697716800000,4,0.00005000
1697731200000,4,-0.00018597
1697745600000,4,0.00001954
1697760000000,4,0.00005000
1697774400000,4,0.00005000
1697788800005,4,0.00005000
1697803200000,4,-0.00020132
1697817600000,4,0.00005000
1697832000000,4,0.00005000
1697846400000,4,0.00001532
1697860800000,4,0.00005000
1697875200000,4,0.00005000
1697889600000,4,0.00005000
1697904000000,4,0.00005000
1697918400000,4,0.00005000
1697932800000,4,0.00005000
1697947200000,4,0.00005000
1697961600000,4,0.00001170
1697976000000,4,0.00005000
1697990400000,4,0.00005000
1698004800000,4,0.00005000
1698019200000,4,-8.8E-7
1698033600000,4,-0.00002776
1698048000001,4,0.00005000
1698062400000,4,-0.00037412
1698076800001,4,-0.00013403
1698091200001,4,-0.00031539
1698105600000,4,0.00005000
1698120000000,4,0.00005000
1698134400000,4,0.00005000
1698148800001,4,0.00005000
1698163200000,4,0.00005000
1698177600001,4,0.00005000
1698192000000,4,0.00005000
1698206400000,4,0.00005000
1698220800000,4,0.00005000
1698235200000,4,0.00005000
1698249600001,4,0.00005000
1698264000000,4,0.00005000
1698278400001,4,0.00005000
1698292800000,4,0.00005000
1698307200000,4,0.00005000
1698321600000,4,0.00005000
1698336000000,4,0.00005000
1698350400000,4,0.00005000
1698364800000,4,0.00005000
1698379200000,4,0.00005000
1698393600000,4,0.00005000
1698408000000,4,0.00005000
1698422400000,4,0.00005000
1698436800000,4,0.00005000
1698451200000,4,0.00005000
1698465600000,4,0.00005000
1698480000001,4,0.00005000
1698494400000,4,0.00005000
1698508800000,4,0.00005000
1698523200000,4,0.00005000
1698537600000,4,0.00005000
1698552000000,4,0.00005000
1698566400000,4,0.00005000
1698580800000,4,0.00005000
1698595200000,4,0.00005000
1698609600000,4,0.00005000
1698624000000,4,0.00005000
1698638400000,4,0.00005000
1698652800000,4,0.00005000
1698667200000,4,0.00005000
1698681600000,4,0.00005000
1698696000001,4,0.00005000
1698710400001,4,0.00005000
1698724800000,4,0.00005000
1698739200000,4,0.00005000
1698753600000,4,0.00005000
1698768000000,4,0.00005000
1698782400000,4,0.00005000
1698796800000,4,0.00005000
1698811200000,4,0.00005000
1698825600000,4,0.00005000
1698840000000,4,0.00005000
1698854400000,4,0.00005000
1698868800000,4,0.00005000
1698883200001,4,0.00005000
1698897600000,4,0.00005000
1698912000000,4,0.00005000
1698926400001,4,0.00005000
1698940800000,4,0.00005000
1698955200000,4,0.00005000
1698969600000,4,0.00005000
1698984000000,4,-0.00009054
1698998400000,4,0.00005000
1699012800000,4,0.00005000
1699027200000,4,0.00005000
1699041600001,4,0.00005000
1699056000000,4,0.00005000
1699070400000,4,-0.00141294
1699084800000,4,-0.00097313
1699099200000,4,-0.00135862
1699113600000,4,-0.00211656
1699128000001,4,0.00005000
1699142400000,4,-0.00064989
1699156800000,4,-0.00168895
1699171200000,4,-0.00075290
1699185600000,4,0.00005000
1699200000000,4,0.00005000
1699214400001,4,0.00004363
1699228800000,4,0.00005000
1699243200000,4,-0.00061040
1699257600001,4,0.00005000
1699272000000,4,0.00005000
1699286400000,4,0.00005000
1699300800000,4,0.00005000
1699315200001,4,0.00005000
1699329600000,4,0.00007938
1699344000000,4,0.00005000
1699358400000,4,0.00005000
1699372800000,4,0.00005000
1699387200001,4,0.00005000
1699401600000,4,0.00005000
1699416000000,4,0.00007187
1699430400000,4,0.00024445
1699444800000,4,0.00005000
1699459200000,4,0.00005000
1699473600001,4,0.00005000
1699488000000,4,0.00005000
1699502400000,4,0.00005000
1699516800000,4,0.00005000
1699531200000,4,0.00005000
1699545600000,4,0.00005000
1699560000000,4,0.00005000
1699574400000,4,0.00005000
1699588800000,4,0.00005000
1699603200000,4,0.00012803
1699617600000,4,0.00005000
1699632000000,4,0.00004225
1699646400000,4,0.00005000
1699660800000,4,0.00003271
1699675200000,4,0.00005000
1699689600000,4,0.00005000
1699704000000,4,0.00005000
1699718400000,4,0.00005000
1699732800000,4,0.00005000
1699747200000,4,0.00005000
1699761600000,4,0.00005000
1699776000000,4,0.00012950
1699790400000,4,0.00017842
1699804800001,4,0.00014307
1699819200000,4,0.00012737
1699833600000,4,0.00030916
1699848000000,4,0.00016812
1699862400000,4,0.00027880
1699876800000,4,0.00017583
1699891200000,4,0.00024957
1699905600000,4,0.00026156
1699920000000,4,0.00017594
1699934400000,4,0.00024967
1699948800000,4,0.00011187
1699963200000,4,0.00028437
1699977600001,4,0.00021890
1699992000001,4,0.00005000
1700006400000,4,0.00005000
1700020800000,4,0.00005000
1700035200000,4,0.00005000
1700049600000,4,0.00012351
1700064000000,4,0.00019575
1700078400000,4,0.00014294
1700092800000,4,0.00015798
1700107200000,4,0.00028125
1700121600000,4,0.00018971
1700136000000,4,0.00021591
1700150400001,4,0.00015593
1700164800000,4,0.00010445
1700179200000,4,0.00005000
1700193600000,4,0.00028429
1700208000001,4,0.00005000
1700222400000,4,0.00005731
1700236800001,4,0.00005000
1700251200000,4,0.00008230
1700265600000,4,0.00014029
1700280000000,4,0.00005000
1700294400000,4,0.00005000
1700308800000,4,0.00005000
1700323200000,4,0.00005000
1700337600000,4,0.00005000
1700352000000,4,0.00005000
1700366400000,4,0.00008538
1700380800000,4,0.00011692
1700395200000,4,0.00005000
1700409600000,4,0.00005000
1700424000000,4,0.00005000
1700438400000,4,0.00005000
1700452800000,4,0.00005000
1700467200000,4,0.00005000
1700481600000,4,0.00008657
1700496000000,4,0.00005724
1700510400000,4,0.00011214
1700524800000,4,0.00017193
1700539200000,4,0.00018804
1700553600000,4,0.00016665
1700568000000,4,0.00018110
1700582400000,4,0.00016092
1700596800000,4,0.00015195
1700611200000,4,0.00005000
1700625600000,4,0.00005000
1700640000000,4,0.00005000
1700654400000,4,0.00005000
1700668800000,4,0.00005000
1700683200000,4,0.00005000
1700697600000,4,0.00005000
1700712000000,4,0.00005939
1700726400000,4,0.00005000
1700740800001,4,0.00005000
1700755200001,4,0.00012101
1700769600000,4,0.00005000
1700784000000,4,0.00005000
1700798400000,4,0.00005000
1700812800000,4,0.00005000
1700827200001,4,0.00005000
1700841600000,4,0.00005000
1700856000000,4,0.00005000
1700870400000,4,0.00005000
1700884800001,4,0.00005000
1700899200000,4,0.00005000
1700913600000,4,0.00005000
1700928000000,4,0.00005000
1700942400000,4,0.00005000
1700956800000,4,0.00005000
1700971200001,4,0.00005000
1700985600000,4,0.00005000
1701000000000,4,0.00005000
1701014400000,4,0.00005000
1701028800000,4,0.00005421
1701043200000,4,0.00005000
1701057600001,4,0.00005000
1701072000001,4,0.00005854
1701086400000,4,0.00006521
1701100800000,4,0.00008220
1701115200000,4,0.00006504
1701129600000,4,0.00005000
1701144000000,4,0.00005000
1701158400000,4,0.00005797
1701172800000,4,0.00012292
1701187200000,4,0.00006396
1701201600000,4,0.00005000
1701216000001,4,0.00015871
1701230400000,4,0.00013291
1701244800000,4,0.00005000
1701259200000,4,0.00005000
1701273600000,4,0.00005000
1701288000000,4,0.00005000
1701302400000,4,0.00005000
1701316800001,4,0.00005000
1701331200000,4,0.00005000
1701345600000,4,0.00005883
1701360000000,4,0.00009978
1701374400000,4,0.00005000
1701388800000,4,0.00005000
1701403200000,4,0.00005000
1701417600000,4,0.00005000
1701432000000,4,0.00011971
1701446400000,4,0.00005000
1701460800000,4,0.00007935
1701475200000,4,0.00005000
1701489600000,4,0.00012249
1701504000000,4,0.00018341
1701518400000,4,0.00019197
1701532800000,4,0.00017648
1701547200000,4,0.00024333
1701561600000,4,0.00014514
1701576000000,4,0.00023090
1701590400000,4,0.00011037
1701604800000,4,0.00015562
1701619200000,4,0.00012016
1701633600000,4,0.00016497
1701648000000,4,0.00024924
1701662400000,4,0.00030204
1701676800000,4,0.00018926
1701691200000,4,0.00017912
1701705600000,4,0.00016571
1701720000000,4,0.00010439
1701734400000,4,0.00008454
1701748800000,4,0.00019471
1701763200000,4,0.00011526
1701777600000,4,0.00031997
1701792000000,4,0.00027484
1701806400000,4,0.00036530
1701820800000,4,0.00028445
1701835200000,4,0.00022720
1701849600000,4,0.00017007
1701864000000,4,0.00005000
1701878400000,4,0.00005000
1701892800000,4,0.00005000
1701907200000,4,0.00005000
1701921600001,4,0.00007330
1701936000000,4,0.00010482
1701950400000,4,0.00005000
1701964800000,4,0.00015772
1701979200000,4,0.00023106
1701993600000,4,0.00006391
1702008000000,4,0.00012950
1702022400000,4,0.00010312
1702036800000,4,0.00005000
1702051200000,4,0.00005000
1702065600000,4,0.00005000
1702080000000,4,0.00010831
1702094400000,4,0.00018299
1702108800000,4,0.00025953
1702123200000,4,0.00045494
1702137600000,4,0.00005256
1702152000000,4,0.00012052
1702166400000,4,0.00012518
1702180800000,4,0.00015532
1702195200000,4,0.00028884
1702209600000,4,0.00030952
1702224000000,4,0.00014517
1702238400000,4,0.00006192
1702252800000,4,0.00005000
1702267200001,4,0.00005000
1702281600000,4,0.00016916
1702296000000,4,0.00005000
1702310400000,4,0.00006534
1702324800000,4,0.00013692
1702339200000,4,0.00005000
1702353600000,4,0.00005000
1702368000000,4,0.00011713
1702382400000,4,0.00017397
1702396800000,4,0.00010292
1702411200000,4,0.00019893
1702425600000,4,0.00005000
1702440000000,4,0.00005000
1702454400000,4,0.00005988
1702468800001,4,0.00005000
1702483200001,4,0.00005000
1702497600000,4,0.00005000
1702512000000,4,0.00005000
1702526400000,4,0.00005000
1702540800000,4,0.00005000
1702555200000,4,0.00005000
1702569600000,4,0.00015416
1702584000000,4,0.00006008
1702598400000,4,0.00008579
1702612800000,4,0.00021300
1702627200000,4,0.00010301
1702641600000,4,0.00005000
1702656000000,4,0.00020381
1702670400001,4,0.00026842
1702684800000,4,0.00022396
1702699200000,4,0.00010734
1702713600000,4,0.00005000
1702728000000,4,0.00005000
1702742400001,4,0.00005000
1702756800000,4,0.00005000
1702771200000,4,0.00005000
1702785600000,4,0.00013806
1702800000000,4,0.00008934
1702814400000,4,0.00005000
1702828800000,4,0.00010205
1702843200001,4,0.00022394
1702857600000,4,0.00007142
1702872000000,4,0.00018555
1702886400001,4,0.00009373
1702900800000,4,0.00012510
1702915200000,4,0.00005000
1702929600001,4,0.00005000
1702944000000,4,0.00005000
1702958400000,4,0.00011684
1702972800000,4,0.00014442
1702987200000,4,0.00014757
1703001600000,4,0.00009325
1703016000001,4,0.00009196
1703030400000,4,0.00009479
1703044800000,4,0.00005000
1703059200000,4,0.00014533
1703073600000,4,0.00028779
1703088000000,4,0.00017433
1703102400000,4,0.00009856
1703116800000,4,0.00014763
1703131200007,4,0.00017287
1703145600000,4,0.00009671
1703160000000,4,0.00019166
1703174400000,4,0.00014338
1703188800000,4,0.00015617
1703203200000,4,0.00005000
1703217600001,4,0.00005000
1703232000000,4,0.00005000
1703246400000,4,0.00005000
1703260800000,4,0.00019450
1703275200000,4,0.00012427
1703289600000,4,0.00020637
1703304000000,4,0.00019227
1703318400001,4,0.00027577
1703332800000,4,0.00033543
1703347200000,4,0.00040513
1703361600000,4,0.00024451
1703376000000,4,0.00026269
1703390400000,4,0.00020568
1703404800000,4,0.00026148
1703419200000,4,0.00015488
1703433600000,4,0.00014156
1703448000000,4,0.00005000
1703462400000,4,0.00015238
1703476800000,4,0.00027937
1703491200000,4,0.00029826
1703505600000,4,0.00031617
1703520000000,4,0.00034626
1703534400000,4,0.00037597
1703548800000,4,0.00007977
1703563200000,4,0.00022044
1703577600000,4,0.00007609
1703592000001,4,0.00017044
1703606400000,4,0.00027732
1703620800000,4,0.00013140
1703635200000,4,0.00020240
1703649600000,4,0.00018923
1703664000000,4,0.00007693
1703678400001,4,0.00019978
1703692800000,4,0.00029850
1703707200000,4,0.00060211
1703721600000,4,0.00030711
1703736000000,4,0.00043982
1703750400000,4,0.00034492
1703764800000,4,0.00033204
1703779200000,4,0.00028775
1703793600000,4,0.00005000
1703808000001,4,0.00005000
1703822400000,4,0.00023861
1703836800000,4,0.00037302
1703851200000,4,0.00047676
1703865600000,4,0.00020717
1703880000000,4,0.00031807
1703894400001,4,0.00029290
1703908800000,4,0.00025367
1703923200000,4,0.00031117
1703937600000,4,0.00036131
1703952000000,4,0.00032834
1703966400000,4,0.00014037
1703980800000,4,0.00028800
1703995200001,4,0.00025335
1704009600001,4,0.00027885
1704024000000,4,0.00005390
1704038400000,4,0.00012326
1704052800000,4,0.00030504
1704067200000,4,0.00009531
1704081600000,4,0.00008266
1704096000000,4,0.00023214
1704110400000,4,0.00019430
1704124800000,4,0.00014934
1704139200000,4,0.00007905
1704153600000,4,0.00007703
1704168000000,4,0.00019051
1704182400000,4,0.00013131
1704196800000,4,0.00052944
1704211200000,4,0.00039171
1704225600000,4,0.00028448
1704240000000,4,0.00005000
1704254400000,4,0.00020012
1704268800000,4,0.00014147
1704283200000,4,0.00012847
1704297600000,4,0.00005000
1704312000000,4,0.00005000
1704326400000,4,0.00005000
1704340800000,4,0.00005000
1704355200000,4,0.00005000
1704369600000,4,0.00005262
1704384000000,4,0.00005000
1704398400000,4,0.00005000
1704412800001,4,0.00005000
1704427200000,4,0.00005000
1704441600000,4,0.00005000
1704456000000,4,0.00005000
1704470400000,4,0.00005000
1704484800000,4,0.00005000
1704499200000,4,0.00005000
1704513600000,4,0.00005000
1704528000000,4,0.00005000
1704542400000,4,0.00005000
1704556800000,4,0.00005000
1704571200000,4,0.00005000
1704585600000,4,0.00005000
1704600000000,4,0.00005000
1704614400001,4,0.00005000
1704628800000,4,0.00005000
1704643200001,4,0.00005000
1704657600000,4,0.00005000
1704672000000,4,0.00005000
1704686400000,4,0.00005000
1704700800000,4,0.00005000
1704715200000,4,0.00005000
1704729600000,4,0.00005000
1704744000000,4,0.00005000
1704758400001,4,0.00005000
1704772800000,4,0.00005000
1704787200000,4,0.00005000
1704801600000,4,0.00005000
1704816000000,4,0.00005000
1704830400000,4,0.00005000
1704844800000,4,0.00005000
1704859200000,4,0.00005000
1704873600000,4,0.00005000
1704888000000,4,0.00005000
1704902400000,4,0.00005000
1704916800000,4,0.00005000
1704931200000,4,0.00005000
1704945600000,4,0.00005000
1704960000000,4,0.00005000
1704974400000,4,0.00005000
1704988800000,4,0.00005000
1705003200000,4,0.00005000
1705017600001,4,0.00005000
1705032000000,4,0.00005000
1705046400000,4,0.00005000
1705060800001,4,0.00005000
1705075200000,4,0.00005000
1705089600000,4,0.00005000
1705104000000,4,0.00005000
1705118400000,4,0.00005000
1705132800000,4,0.00005000
1705147200000,4,0.00005000
1705161600001,4,0.00005000
1705176000000,4,0.00005000
1705190400000,4,0.00005000
1705204800000,4,0.00005000
1705219200000,4,0.00005000
1705233600000,4,0.00005000
1705248000001,4,0.00005000
1705262400000,4,0.00005000
1705276800000,4,0.00005000
1705291200000,4,0.00005000
1705305600000,4,0.00005000
1705320000000,4,0.00005000
1705334400000,4,0.00005000
1705348800000,4,0.00005000
1705363200000,4,0.00005000
1705377600000,4,0.00005000
1705392000000,4,0.00005000
1705406400001,4,0.00005000
1705420800001,4,0.00005000
1705435200000,4,0.00005000
1705449600000,4,0.00005000
1705464000000,4,0.00005000
1705478400000,4,0.00005000
1705492800000,4,0.00005000
1705507200000,4,0.00005000
1705521600000,4,0.00005000
1705536000001,4,0.00005000
1705550400000,4,0.00005000
1705564800000,4,0.00005000
1705579200000,4,0.00005000
1705593600000,4,0.00005000
1705608000000,4,0.00005000
1705622400000,4,0.00005000
1705636800000,4,0.00005000
1705651200000,4,0.00005000
1705665600000,4,0.00005000
1705680000002,4,0.00005000
1705694400000,4,0.00005000
1705708800000,4,0.00005000
1705723200000,4,0.00005000
1705737600003,4,0.00005000
1705752000000,4,0.00005000
1705766400000,4,0.00005000
1705780800000,4,0.00005000
1705795200000,4,0.00005000
1705809600000,4,0.00005000
1705824000000,4,0.00005000
1705838400000,4,0.00005000
1705852800000,4,0.00005000
1705867200000,4,0.00005000
1705881600000,4,0.00005000
1705896000001,4,0.00005000
1705910400000,4,0.00005000
1705924800000,4,0.00005000
1705939200000,4,0.00005000
1705953600000,4,0.00005000
1705968000000,4,0.00005000
1705982400000,4,0.00005000
1705996800000,4,0.00005000
1706011200000,4,0.00005000
1706025600000,4,0.00005000
1706040000000,4,0.00005000
1706054400000,4,0.00005000
1706068800000,4,0.00005000
1706083200000,4,0.00005000
1706097600000,4,0.00005000
1706112000000,4,0.00005000
1706126400000,4,0.00005000
1706140800000,4,0.00005000
1706155200000,4,0.00005000
1706169600001,4,0.00005000
1706184000000,4,0.00005000
1706198400000,4,0.00005000
1706212800000,4,0.00005000
1706227200001,4,0.00005000
1706241600001,4,0.00005000
1706256000000,4,0.00005000
1706270400000,4,0.00005000
1706284800000,4,0.00005000
1706299200000,4,0.00005000
1706313600000,4,0.00005000
1706328000000,4,0.00005000
1706342400000,4,0.00005000
1706356800000,4,0.00005000
1706371200000,4,0.00005000
1706385600000,4,0.00005000
1706400000000,4,0.00005000
1706414400000,4,0.00005000
1706428800000,4,0.00005000
1706443200000,4,0.00005000
1706457600000,4,0.00005000
1706472000000,4,0.00005000
1706486400000,4,0.00005000
1706500800001,4,0.00005000
1706515200001,4,0.00005000
1706529600000,4,0.00005000
1706544000000,4,0.00005000
1706558400000,4,0.00005000
1706572800000,4,0.00005000
1706587200000,4,0.00005000
1706601600000,4,0.00005000
1706616000000,4,0.00005000
1706630400001,4,0.00005000
1706644800000,4,0.00005000
1706659200000,4,0.00005000
1706673600001,4,0.00005000
1706688000000,4,0.00005000
1706702400000,4,0.00005000
1706716800000,4,0.00005000
1706731200000,4,0.00005000
1706745600000,4,0.00005000
1706760000000,4,0.00005000
1706774400000,4,0.00005000
1706788800000,4,0.00005000
1706803200002,4,0.00005000
1706817600000,4,0.00005000
1706832000000,4,0.00005000
1706846400000,4,0.00005000
1706860800000,4,0.00005000
1706875200000,4,0.00005000
1706889600000,4,0.00005000
1706904000000,4,0.00005000
1706918400000,4,0.00005000
1706932800000,4,0.00005000
1706947200000,4,0.00005000
1706961600000,4,0.00005000
1706976000001,4,0.00005000
1706990400000,4,0.00005000
1707004800000,4,0.00005000
1707019200000,4,0.00005000
1707033600004,4,0.00005000
1707048000001,4,0.00005000
1707062400000,4,0.00005000
1707076800000,4,0.00005000
1707091200000,4,0.00005000
1707105600000,4,0.00005000
1707120000000,4,0.00005000
1707134400000,4,0.00005000
1707148800000,4,0.00005000
1707163200000,4,0.00005000
1707177600000,4,0.00005000
1707192000000,4,0.00005000
1707206400001,4,0.00005000
1707220800000,4,0.00005000
1707235200000,4,0.00005000
1707249600000,4,0.00005000
1707264000000,4,0.00005000
1707278400000,4,0.00005000
1707292800000,4,0.00005000
1707307200000,4,0.00005000
1707321600000,4,0.00005000
1707336000000,4,0.00005000
1707350400000,4,0.00005000
1707364800001,4,0.00005000
1707379200000,4,0.00005000
1707393600000,4,0.00005000
1707408000000,4,0.00005000
1707422400000,4,0.00005000
1707436800000,4,0.00005000
1707451200000,4,0.00005000
1707465600000,4,0.00005000
1707480000000,4,0.00005000
1707494400001,4,0.00005000
1707508800000,4,0.00005000
1707523200001,4,0.00005000
1707537600000,4,0.00005000
1707552000000,4,0.00005000
1707566400001,4,0.00005000
1707580800000,4,0.00005000
1707595200000,4,0.00010411
1707609600000,4,0.00012009
1707624000000,4,0.00012143
1707638400001,4,0.00014590
1707652800001,4,0.00008610
1707667200000,4,0.00005000
1707681600001,4,0.00005000
1707696000000,4,0.00005000
1707710400001,4,0.00005000
1707724800000,4,0.00005000
1707739200000,4,0.00007401
1707753600000,4,0.00005000
1707768000000,4,0.00005788
1707782400000,4,0.00007989
1707796800000,4,0.00005000
1707811200000,4,0.00005000
1707825600000,4,0.00005000
1707840000000,4,0.00005000
1707854400000,4,0.00005000
1707868800000,4,0.00005000
1707883200000,4,0.00005000
1707897600000,4,0.00005000
1707912000000,4,0.00005000
1707926400000,4,0.00009573
1707940800000,4,0.00018274
1707955200000,4,0.00024820
1707969600000,4,0.00018990
1707984000000,4,0.00020044
1707998400000,4,0.00014279
1708012800000,4,0.00005258
1708027200000,4,0.00021765
1708041600000,4,0.00008735
1708056000000,4,0.00020834
1708070400000,4,0.00005000
1708084800000,4,0.00022296
1708099200000,4,0.00005000
1708113600000,4,0.00005000
1708128000000,4,0.00005000
1708142400000,4,0.00005000
1708156800000,4,0.00012372
1708171200000,4,0.00011888
1708185600000,4,0.00017277
1708200000000,4,0.00017784
1708214400000,4,0.00008641
1708228800000,4,0.00005000
1708243200000,4,0.00008481
1708257600000,4,0.00013401
1708272000000,4,0.00017317
1708286400000,4,0.00015822
1708300800000,4,0.00024499
1708315200000,4,0.00007523
1708329600000,4,0.00006566
1708344000000,4,0.00005000
1708358400000,4,0.00005000
1708372800000,4,0.00005000
1708387200000,4,0.00018122
1708401600000,4,0.00005000
1708416000000,4,0.00020784
1708430400000,4,0.00016560
1708444800000,4,0.00019622
1708459200000,4,0.00011617
1708473600000,4,0.00005000
1708488000000,4,0.00005000
1708502400000,4,0.00005000
1708516800000,4,0.00005000
1708531200000,4,0.00005510
1708545600000,4,0.00005000
1708560000001,4,0.00005000
1708574400000,4,0.00005000
1708588800001,4,0.00008812
1708603200000,4,0.00005000
1708617600000,4,0.00005000
1708632000000,4,0.00005000
1708646400000,4,0.00005000
1708660800001,4,0.00005000
1708675200000,4,0.00005000
1708689600001,4,0.00005000
1708704000000,4,0.00005000
1708718400000,4,0.00005000
1708732800000,4,0.00005000
1708747200000,4,0.00005000
1708761600001,4,0.00005000
1708776000000,4,0.00005000
1708790400000,4,0.00005000
1708804800000,4,0.00005000
1708819200001,4,0.00005000
1708833600000,4,0.00005000
1708848000000,4,0.00005000
1708862400001,4,0.00005000
1708876800000,4,0.00005000
1708891200000,4,0.00005000
1708905600000,4,0.00005000
1708920000000,4,0.00005000
1708934400000,4,0.00007130
1708948800000,4,0.00014395
1708963200000,4,0.00007308
1708977600001,4,0.00006405
1708992000000,4,0.00010970
1709006400000,4,0.00069089
1709020800000,4,0.00018695
1709035200000,4,0.00016281
1709049600000,4,0.00005000
1709064000000,4,0.00005000
1709078400000,4,0.00005000
1709092800000,4,0.00012667
1709107200000,4,0.00014894
1709121600000,4,0.00050652
1709136000000,4,0.00029506
1709150400000,4,0.00005000
1709164800000,4,0.00010135
1709179200001,4,0.00037270
1709193600000,4,0.00030303
1709208000000,4,0.00033503
1709222400000,4,0.00037777
1709236800000,4,0.00013650
1709251200000,4,0.00005000
1709265600000,4,0.00015538
1709280000000,4,0.00013257
1709294400000,4,0.00011807
1709308800000,4,0.00005000
1709323200000,4,0.00005000
1709337600000,4,0.00005000
1709352000001,4,0.00015584
1709366400001,4,0.00018056
1709380800000,4,0.00038370
1709395200000,4,0.00016445
1709409600000,4,0.00024105
1709424000000,4,0.00039254
1709438400000,4,0.00022523
1709452800000,4,0.00014719
1709467200000,4,0.00009756
1709481600000,4,0.00009837
1709496000000,4,0.00005000
1709510400000,4,0.00005000
1709524800001,4,0.00020245
1709539200000,4,0.00041948
1709553600000,4,0.00005000
1709568000000,4,0.00005000
1709582400000,4,0.00005000
1709596800000,4,0.00005000
1709611200000,4,0.00040012
1709625600000,4,0.00059417
1709640000000,4,0.00084950
1709654400000,4,0.00032974
1709668800000,4,0.00005000
1709683200000,4,-0.00002188
1709697600000,4,-0.00005879
1709712000001,4,0.00005000
1709726400000,4,0.00005000
1709740800000,4,0.00005000
1709755200000,4,0.00005000
1709769600000,4,0.00005000
1709784000000,4,0.00005000
1709798400000,4,0.00005000
1709812800001,4,0.00007314
1709827200000,4,0.00017507
1709841600000,4,0.00005000
1709856000000,4,0.00021990
1709870400000,4,0.00030738
1709884800000,4,0.00034770
1709899200000,4,0.00041809
1709913600000,4,0.00036239
1709928000000,4,0.00018693
1709942400000,4,0.00013674
1709956800000,4,0.00031312
1709971200001,4,0.00055884
1709985600001,4,0.00060288
1710000000000,4,0.00047159
1710014400000,4,0.00048458
1710028800000,4,0.00059778
1710043200000,4,0.00051387
1710057600000,4,0.00064084
1710072000000,4,0.00047280
1710086400000,4,0.00019845
1710100800000,4,0.00013007
1710115200000,4,0.00029726
1710129600000,4,0.00039743
1710144000000,4,0.00039570
1710158400000,4,0.00074448
1710172800000,4,0.00022521
1710187200001,4,0.00048917
1710201600000,4,0.00049396
1710216000000,4,0.00059768
1710230400000,4,0.00021405
1710244800000,4,0.00028875
1710259200000,4,0.00035786
1710273600000,4,0.00029374
1710288000000,4,0.00034490
1710302400000,4,0.00030356
1710316800001,4,0.00037804
1710331200000,4,0.00040994
1710345600000,4,0.00005000
1710360000000,4,0.00005000
1710374400001,4,0.00005000
1710388800000,4,0.00025779
1710403200000,4,0.00013941
1710417600000,4,0.00056338
1710432000000,4,0.00021979
1710446400001,4,0.00010110
1710460800000,4,0.00018255
1710475200000,4,0.00008427
1710489600000,4,0.00005000
1710504000000,4,0.00005000
1710518400000,4,0.00005000
1710532800000,4,0.00005000
1710547200000,4,0.00005000
1710561600000,4,0.00005000
1710576000000,4,0.00005000
1710590400000,4,0.00005000
1710604800000,4,0.00005000
1710619200000,4,0.00005000
1710633600000,4,0.00005000
1710648000000,4,0.00005000
1710662400000,4,0.00005000
1710676800000,4,0.00005000
1710691200000,4,0.00005000
1710705600000,4,0.00005000
1710720000000,4,0.00005000
1710734400001,4,0.00005000
1710748800000,4,0.00005000
1710763200000,4,0.00005000
1710777600001,4,0.00005000
1710792000001,4,0.00005000
1710806400000,4,0.00005000
1710820800000,4,0.00005000
1710835200000,4,0.00005000
1710849600000,4,0.00005000
1710864000001,4,0.00005000
1710878400000,4,0.00005000
1710892800000,4,0.00005000
1710907200000,4,-0.00000814
1710921600004,4,0.00002433
1710936000001,4,0.00005000
1710950400000,4,-0.00004528
1710964800000,4,-0.00002271
1710979200000,4,-0.00025395
1710993600000,4,-0.00025276
1711008000000,4,0.00005000
1711022400013,4,0.00005000
1711036800000,4,0.00005000
1711051200000,4,0.00005000
1711065600000,4,0.00005000
1711080000000,4,0.00005000
1711094400000,4,0.00005000
1711108800000,4,0.00005000
1711123200000,4,0.00005000
1711137600000,4,0.00005000
1711152000000,4,0.00005000
1711166400000,4,0.00005000
1711180800000,4,0.00005000
1711195200000,4,0.00005000
1711209600000,4,0.00005000
1711224000000,4,0.00005000
1711238400000,4,0.00005000
1711252800001,4,0.00005000
1711267200000,4,0.00005000
1711281600000,4,0.00005000
1711296000000,4,0.00005000
1711310400000,4,0.00005000
1711324800000,4,0.00005000
1711339200000,4,0.00005000
1711353600001,4,0.00005000
1711368000000,4,0.00005000
1711382400000,4,0.00005000
1711396800000,4,0.00005000
1711411200000,4,0.00005000
1711425600000,4,0.00005000
1711440000000,4,0.00005000
1711454400000,4,0.00005000
1711468800000,4,0.00005000
1711483200000,4,0.00006786
1711497600000,4,0.00005000
1711512000000,4,0.00005000
1711526400001,4,0.00005000
1711540800001,4,0.00005000
1711555200000,4,0.00005000
1711569600000,4,0.00005000
1711584000000,4,0.00005000
1711598400000,4,0.00005000
1711612800000,4,0.00005000
1711627200000,4,0.00011906
1711641600000,4,0.00010284
1711656000000,4,0.00022462
1711670400000,4,0.00026232
1711684800000,4,0.00019694
1711699200000,4,0.00005000
1711713600000,4,0.00009687
1711728000000,4,0.00008197
1711742400000,4,0.00005000
1711756800000,4,0.00014869
1711771200000,4,0.00005000
1711785600000,4,0.00007287
1711800000001,4,0.00028642
1711814400000,4,0.00031244
1711828800000,4,0.00033805
1711843200000,4,0.00028988
1711857600000,4,0.00021622
1711872000000,4,0.00022937
1711886400000,4,0.00028544
1711900800001,4,0.00027548
1711915200000,4,0.00039399
1711929600000,4,0.00022247
1711944000000,4,0.00046123
1711958400000,4,0.00019036
1711972800000,4,0.00013377
1711987200000,4,0.00012569
1712001600000,4,0.00005190
1712016000007,4,0.00012417
1712030400000,4,0.00005000
1712044800015,4,0.00005000
1712059200000,4,0.00005000
1712073600000,4,0.00005000
1712088000000,4,0.00005000
1712102400000,4,0.00005000
1712116800000,4,0.00005000
1712131200000,4,0.00005000
1712145600000,4,0.00005000
1712160000000,4,0.00005000
1712174400000,4,0.00005000
1712188800000,4,0.00005000
1712203200000,4,0.00005000
1712217600000,4,0.00005000
1712232000000,4,0.00005000
1712246400000,4,0.00005000
1712260800000,4,0.00005000
1712275200000,4,0.00005000
1712289600000,4,0.00005000
1712304000000,4,0.00005000
1712318400000,4,0.00005000
1712332800000,4,0.00005000
1712347200000,4,0.00005000
1712361600000,4,0.00005000
1712376000000,4,0.00005000
1712390400000,4,0.00005000
1712404800000,4,0.00005000
1712419200000,4,0.00005000
1712433600000,4,0.00005000
1712448000000,4,0.00005000
1712462400000,4,0.00005000
1712476800000,4,0.00005000
1712491200001,4,0.00005000
1712505600000,4,0.00005000
1712520000000,4,0.00005000
1712534400001,4,0.00005000
1712548800000,4,0.00005000
1712563200000,4,0.00006775
1712577600000,4,0.00006884
1712592000006,4,0.00010714
1712606400001,4,0.00009108
1712620800000,4,0.00005000
1712635200000,4,0.00005000
1712649600001,4,0.00005000
1712664000000,4,0.00005000
1712678400001,4,0.00005000
1712692800000,4,0.00005000
1712707200000,4,0.00005000
1712721600000,4,0.00005000
1712736000001,4,0.00005000
1712750400002,4,0.00005000
1712764800000,4,0.00005000
1712779200000,4,0.00005000
1712793600000,4,0.00005000
1712808000001,4,0.00005000
1712822400000,4,0.00005000
1712836800000,4,0.00005000
1712851200000,4,0.00005000
1712865600000,4,0.00005000
1712880000000,4,0.00005000
1712894400000,4,0.00005000
1712908800001,4,0.00005000
1712923200000,4,0.00005000
1712937600000,4,0.00005000
1712952000000,4,-0.00045495
1712966400000,4,-0.00050895
1712980800000,4,0.00005000
1712995200000,4,0.00005000
1713009600000,4,-0.00010065
1713024000001,4,0.00005000
1713038400001,4,-0.00010072
1713052800000,4,-0.00064327
1713067200000,4,0.00000560
1713081600000,4,-0.00006382
1713096000000,4,-0.00007610
1713110400000,4,-0.00015444
1713124800000,4,-0.00014631
1713139200000,4,-0.00030901
1713153600000,4,-0.00035496
1713168000001,4,-0.00010934
1713182400000,4,-0.00028936
1713196800000,4,0.00001345
1713211200000,4,0.00005000
1713225600001,4,0.00005000
1713240000000,4,-0.00005902
1713254400000,4,0.00005000
1713268800000,4,-0.00002538
1713283200000,4,-8.4E-7
1713297600000,4,-0.00007441
1713312000000,4,-0.00009827
1713326400001,4,-0.00006604
1713340800000,4,-0.00002233
1713355200000,4,0.00002350
1713369600000,4,0.00005000
1713384000000,4,0.00002020
1713398400000,4,0.00001192
1713412800000,4,0.00005000
1713427200000,4,0.00005000
1713441600002,4,-0.00005727
1713456000000,4,-0.00006873
1713470400000,4,-0.00009856
1713484800001,4,-0.00011816
1713499200000,4,0.00005000
1713513600000,4,0.00005000
1713528000001,4,0.00005000
1713542400000,4,0.00005000
1713556800000,4,0.00005000
1713571200000,4,0.00000699
1713585600001,4,0.00005000
1713600000000,4,0.00005000
1713614400001,4,0.00003221
1713628800000,4,-0.00004758
1713643200001,4,0.00003234
1713657600000,4,0.00005000
1713672000000,4,0.00005000
1713686400000,4,0.00004520
1713700800000,4,0.00005000
1713715200000,4,0.00005000
1713729600000,4,0.00005000
1713744000000,4,0.00004644
1713758400000,4,0.00005000
1713772800000,4,0.00000940
1713787200000,4,-0.00005948
1713801600000,4,-0.00004876
1713816000000,4,-0.00018131
1713830400000,4,-0.00021808
1713844800000,4,-0.00006909
1713859200000,4,0.00003408
1713873600000,4,0.00005000
1713888000001,4,0.00001408
1713902400000,4,0.00005000
1713916800000,4,0.00005000
1713931200000,4,0.00005000
1713945600000,4,0.00005000
1713960000000,4,0.00005000
1713974400000,4,0.00005000
1713988800000,4,0.00005000
1714003200000,4,0.00005000
1714017600000,4,0.00002467
1714032000000,4,0.00001745
1714046400000,4,0.00005000
1714060800010,4,-0.00016545
1714075200000,4,-0.00018262
1714089600001,4,-0.00002119
1714104000000,4,0.00005000
1714118400000,4,-0.00001243
1714132800000,4,0.00002094
1714147200000,4,0.00005000
1714161600000,4,0.00005000
1714176000000,4,0.00005000
1714190400000,4,0.00002976
1714204800001,4,0.00005000
1714219200000,4,0.00002454
1714233600000,4,0.00000308
1714248000000,4,0.00002886
1714262400000,4,0.00001394
1714276800000,4,-0.00005991
1714291200000,4,-7.2E-7
1714305600000,4,0.00005000
1714320000000,4,-0.00005107
1714334400000,4,0.00001103
1714348800000,4,0.00005000
1714363200000,4,0.00005000
1714377600000,4,0.00005000
1714392000000,4,0.00005000
1714406400000,4,0.00005000
1714420800000,4,0.00005000
1714435200000,4,0.00005000
1714449600000,4,-0.00004149
1714464000000,4,0.00001848
1714478400000,4,0.00005000
1714492800000,4,0.00005000
1714507200000,4,0.00005000
1714521600000,4,-0.00002504
1714536000000,4,0.00005000
1714550400000,4,0.00005000
1714564800000,4,0.00004848
1714579200000,4,0.00005000
1714593600000,4,0.00005000
1714608000000,4,0.00005000
1714622400000,4,0.00005000
1714636800000,4,0.00005000
1714651200000,4,0.00005000
1714665600002,4,0.00005000
1714680000000,4,0.00005000
1714694400000,4,0.00003181
1714708800000,4,0.00005000
1714723200000,4,0.00005000
1714737600000,4,0.00005000
1714752000000,4,0.00001381
1714766400000,4,7.4E-7
1714780800000,4,-0.00001448
1714795200000,4,0.00005000
1714809600000,4,0.00005000
1714824000000,4,0.00003995
1714838400000,4,0.00005000
1714852800000,4,0.00005000
1714867200000,4,0.00005000
1714881600000,4,0.00005000
1714896000000,4,0.00005000
1714910400000,4,0.00005000
1714924800000,4,0.00005000
1714939200000,4,0.00005000
1714953600000,4,0.00005000
1714968000002,4,0.00005000
1714982400000,4,0.00005000
1714996800000,4,0.00005000
1715011200000,4,0.00005000
1715025600000,4,0.00005000
1715040000000,4,0.00005000
1715054400000,4,0.00005000
1715068800000,4,0.00005000
1715083200000,4,0.00005000
1715097600000,4,0.00005000
1715112000000,4,0.00005000
1715126400000,4,0.00005000
1715140800000,4,0.00005000
1715155200000,4,0.00005000
1715169600000,4,0.00005000
1715184000000,4,0.00005000
1715198400001,4,0.00005000
1715212800000,4,0.00005000
1715227200000,4,0.00005000
1715241600000,4,0.00005000
1715256000000,4,0.00005000
1715270400000,4,0.00005000
1715284800000,4,0.00005000
1715299200000,4,0.00005000
1715313600001,4,0.00005000
1715328000000,4,0.00005000
1715342400001,4,0.00005000
1715356800000,4,0.00005000
1715371200000,4,0.00005000
1715385600000,4,0.00005000
1715400000000,4,0.00004065
1715414400000,4,0.00005000
1715428800000,4,0.00005000
1715443200000,4,0.00004541
1715457600000,4,0.00005000
1715472000000,4,0.00005000
1715486400001,4,0.00005000
1715500800000,4,0.00005000
1715515200001,4,0.00005000
1715529600000,4,0.00004189
1715544000000,4,-0.00007178
1715558400001,4,-0.00002773
1715572800000,4,-0.00008267
1715587200001,4,-0.00005334
1715601600000,4,-0.00003749
1715616000000,4,0.00005000
1715630400000,4,0.00005000
1715644800000,4,0.00005000
1715659200000,4,0.00005000
1715673600000,4,0.00005000
1715688000000,4,0.00005000
1715702400000,4,0.00005000
1715716800000,4,-0.00009697
1715731200000,4,-0.00009161
1715745600000,4,0.00001786
1715760000000,4,0.00001814
1715774400000,4,-0.00006517
1715788800000,4,0.00005000
1715803200000,4,0.00005000
1715817600004,4,0.00005000
1715832000000,4,0.00005000
1715846400000,4,0.00005000
1715860800000,4,0.00005000
1715875200000,4,0.00005000
1715889600000,4,0.00005000
1715904000000,4,0.00005000
1715918400002,4,0.00005000
1715932800000,4,0.00005000
1715947200000,4,0.00005000
1715961600000,4,0.00005000
1715976000000,4,0.00005000
1715990400000,4,-0.00004965
1716004800000,4,0.00003775
1716019200000,4,-0.00001093
1716033600000,4,-0.00000133
1716048000000,4,0.00005000
1716062400000,4,0.00005000
1716076800000,4,0.00005000
1716091200000,4,0.00005000
1716105600000,4,0.00005000
1716120000000,4,0.00005000
1716134400000,4,0.00005000
1716148800001,4,0.00003552
1716163200000,4,-0.00005783
1716177600000,4,0.00005000
1716192000000,4,0.00000358
1716206400001,4,0.00003399
1716220800003,4,0.00005000
1716235200004,4,0.00005000
1716249600000,4,0.00005000
1716264000000,4,0.00005000
1716278400001,4,0.00005000
1716292800001,4,0.00005000
1716307200000,4,0.00005000
1716321600000,4,0.00005000
1716336000000,4,0.00005000
1716350400000,4,0.00005000
1716364800000,4,0.00005000
1716379200000,4,0.00005000
1716393600000,4,0.00005000
1716408000000,4,0.00005000
1716422400000,4,0.00005000
1716436800000,4,0.00005000
1716451200000,4,0.00005000
1716465600000,4,0.00005000
1716480000000,4,0.00005000
1716494400000,4,0.00005000
1716508800000,4,0.00005000
1716523200000,4,0.00005000
1716537600000,4,0.00005000
1716552000000,4,0.00005000
1716566400000,4,0.00005000
1716580800000,4,0.00005000
1716595200000,4,0.00005000
1716609600000,4,0.00005000
1716624000000,4,0.00005000
1716638400001,4,0.00005000
1716652800000,4,0.00005000
1716667200006,4,0.00005000
1716681600000,4,0.00005000
1716696000000,4,0.00005000
1716710400000,4,0.00005000
1716724800000,4,0.00005000
1716739200000,4,0.00005000
1716753600000,4,0.00005000
1716768000000,4,0.00005000
1716782400000,4,0.00005000
1716796800000,4,0.00005000
1716811200000,4,0.00005000
1716825600000,4,0.00005000
1716840000000,4,0.00005000
1716854400000,4,0.00005000
1716868800000,4,0.00005000
1716883200000,4,0.00005000
1716897600000,4,0.00005000
1716912000000,4,0.00005000
1716926400000,4,0.00005000
1716940800001,4,0.00005000
1716955200000,4,0.00005000
1716969600000,4,0.00005000
1716984000000,4,0.00005000
1716998400000,4,0.00005000
1717012800000,4,0.00005000
1717027200000,4,0.00005000
1717041600000,4,0.00005000
1717056000000,4,0.00005000
1717070400001,4,0.00005000
1717084800000,4,0.00005000
1717099200001,4,0.00005000
1717113600000,4,0.00005000
1717128000000,4,0.00005000
1717142400000,4,0.00005000
1717156800001,4,0.00005000
1717171200000,4,0.00005000
1717185600000,4,0.00005000
1717200000000,4,0.00005000
1717214400000,4,0.00005000
1717228800000,4,0.00005000
1717243200000,4,0.00005000
1717257600001,4,0.00005000
1717272000000,4,0.00005000
1717286400000,4,0.00005000
1717300800000,4,0.00005000
1717315200000,4,0.00005000
1717329600000,4,0.00005000
1717344000000,4,0.00005000
1717358400001,4,0.00005000
1717372800000,4,0.00005000
1717387200000,4,0.00005000
1717401600000,4,0.00005000
1717416000000,4,0.00005000
1717430400000,4,0.00005000
1717444800000,4,0.00005000
1717459200000,4,0.00005000
1717473600000,4,0.00005000
1717488000000,4,0.00005000
1717502400001,4,0.00005000
1717516800000,4,0.00005000
1717531200000,4,0.00005000
1717545600000,4,0.00005000
1717560000000,4,0.00005000
1717574400000,4,0.00005000
1717588800001,4,0.00005000
1717603200000,4,0.00005000
1717617600000,4,0.00005000
1717632000000,4,0.00005000
1717646400000,4,0.00005000
1717660800008,4,0.00005000
1717675200000,4,0.00005000
1717689600000,4,0.00005000
1717704000000,4,0.00005000
1717718400000,4,0.00005000
1717732800002,4,0.00005000
1717747200000,4,0.00005000
1717761600000,4,0.00005000
1717776000000,4,0.00005000
1717790400000,4,-0.00014736
1717804800000,4,0.00001546
1717819200000,4,0.00005000
1717833600000,4,0.00005000
1717848000000,4,0.00005000
1717862400000,4,-0.00005825
1717876800000,4,0.00005000
1717891200000,4,0.00005000
1717905600000,4,0.00005000
1717920000000,4,0.00005000
1717934400000,4,0.00005000
1717948800001,4,-0.00001939
1717963200000,4,0.00001655
1717977600000,4,0.00005000
1717992000000,4,0.00005000
1718006400000,4,0.00005000
1718020800000,4,0.00005000
1718035200001,4,0.00005000
1718049600000,4,0.00005000
1718064000001,4,0.00005000
1718078400000,4,0.00005000
1718092800000,4,0.00005000
1718107200001,4,0.00005000
1718121600000,4,0.00001003
1718136000000,4,0.00000923
1718150400000,4,0.00005000
1718164800000,4,0.00005000
1718179200000,4,0.00005000
1718193600001,4,0.00005000
1718208000000,4,0.00005000
1718222400000,4,0.00005000
1718236800000,4,0.00005000
1718251200000,4,0.00005000
1718265600001,4,0.00005000
1718280000000,4,0.00005000
1718294400000,4,0.00005000
1718308800000,4,0.00005000
1718323200000,4,0.00005000
1718337600000,4,0.00005000
1718352000000,4,0.00005000
1718366400001,4,0.00005000
1718380800000,4,0.00005000
1718395200000,4,0.00005000
1718409600000,4,-0.00000928
1718424000000,4,-0.00004765
1718438400000,4,0.00005000
1718452800000,4,0.00005000
1718467200000,4,0.00005000
1718481600000,4,0.00005000
1718496000001,4,0.00005000
1718510400000,4,0.00005000
1718524800000,4,0.00005000
1718539200000,4,0.00005000
1718553600000,4,0.00005000
1718568000000,4,0.00005000
1718582400000,4,0.00005000
1718596800000,4,0.00005000
1718611200000,4,0.00005000
1718625600000,4,0.00005000
1718640000000,4,0.00005000
1718654400000,4,0.00002367
1718668800000,4,0.00005000
1718683200000,4,0.00005000
1718697600000,4,-0.00000341
1718712000000,4,0.00005000
1718726400000,4,0.00005000
1718740800000,4,0.00000378
1718755200001,4,0.00005000
1718769600000,4,0.00005000
1718784000001,4,-0.00003643
1718798400000,4,0.00000243
1718812800000,4,-0.00000130
1718827200000,4,-0.00002067
1718841600000,4,0.00004934
1718856000001,4,0.00001345
1718870400000,4,-0.00007931
1718884800000,4,-0.00002908
1718899200000,4,0.00005000
1718913600000,4,0.00001505
1718928000000,4,-0.00002461
1718942400001,4,0.00005000
1718956800000,4,0.00005000
1718971200001,4,0.00005000
1718985600000,4,0.00005000
1719000000000,4,0.00001670
1719014400000,4,0.00005000
1719028800000,4,0.00002476
1719043200000,4,0.00005000
1719057600001,4,-0.00000227
1719072000000,4,-0.00000937
1719086400000,4,0.00004195
1719100800000,4,-0.00001550
1719115200000,4,0.00002285
1719129600000,4,0.00000442
1719144000000,4,0.00004485
1719158400000,4,0.00000813
1719172800000,4,-0.00000417
1719187200002,4,-0.00005335
1719201600000,4,0.00005000
1719216000000,4,0.00005000
1719230400001,4,0.00005000
1719244800000,4,0.00005000
1719259200000,4,0.00005000
1719273600000,4,0.00005000
1719288000000,4,0.00005000
1719302400000,4,0.00005000
1719316800007,4,0.00005000
1719331200000,4,0.00005000
1719345600004,4,0.00005000
1719360000002,4,0.00005000
1719374400000,4,0.00005000
1719388800000,4,0.00005000
1719403200002,4,0.00005000
1719417600000,4,0.00005000
1719432000000,4,0.00005000
1719446400000,4,0.00005000
1719460800000,4,0.00005000
1719475200001,4,0.00005000
1719489600000,4,0.00005000
1719504000000,4,0.00005000
1719518400000,4,0.00005000
1719532800000,4,0.00005000
1719547200000,4,0.00005000
1719561600000,4,0.00005000
1719576000000,4,0.00005000
1719590400000,4,0.00005000
1719604800000,4,0.00005000
1719619200001,4,0.00005000
1719633600000,4,0.00005000
1719648000000,4,0.00005000
1719662400000,4,0.00001267
1719676800000,4,0.00000671
1719691200000,4,0.00001372
1719705600000,4,0.00005000
1719720000000,4,0.00005000
1719734400000,4,0.00005000
1719748800000,4,0.00005000
1719763200000,4,0.00005000
1719777600004,4,0.00000783
1719792000000,4,0.00005000
1719806400001,4,0.00000197
1719820800000,4,-0.00003142
1719835200000,4,0.00005000
1719849600001,4,0.00005000
1719864000000,4,-0.00009687
1719878400000,4,0.00000484
1719892800001,4,-0.00004457
1719907200000,4,0.00000294
1719921600000,4,-0.00006082
1719936000000,4,-0.00007098
1719950400000,4,0.00002840
1719964800000,4,0.00003162
1719979200000,4,0.00005000
1719993600001,4,0.00005000
1720008000001,4,0.00005000
1720022400000,4,0.00005000
1720036800000,4,0.00005000
1720051200000,4,0.00005000
1720065600000,4,0.00005000
1720080000000,4,0.00005000
1720094400000,4,0.00005000
1720108800000,4,0.00005000
1720123200000,4,0.00005000
1720137600000,4,0.00001917
1720152000000,4,-0.00005500
1720166400000,4,-0.00012315
1720180800001,4,-0.00000799
1720195200000,4,0.00003544
1720209600001,4,0.00003745
1720224000000,4,0.00005000
1720238400003,4,0.00005000
1720252800000,4,-0.00006856
1720267200000,4,-0.00016572
1720281600000,4,-0.00010922
1720296000000,4,-0.00006005
1720310400001,4,-0.00010030
1720324800000,4,-0.00004186
1720339200000,4,-0.00004560
1720353600000,4,0.00003226
1720368000000,4,-0.00016964
1720382400000,4,-0.00021035
1720396800000,4,-0.00026821
1720411200000,4,-0.00008813
1720425600000,4,-0.00012365
1720440000000,4,0.00001072
1720454400000,4,0.00000400
1720468800000,4,0.00005000
1720483200000,4,0.00005000
1720497600000,4,0.00003896
1720512000001,4,-0.00001442
1720526400000,4,-0.00012494
1720540800000,4,0.00005000
1720555200000,4,0.00005000
1720569600000,4,0.00003498
1720584000000,4,-0.00008054
1720598400000,4,0.00005000
1720612800000,4,0.00001696
1720627200000,4,0.00002741
1720641600002,4,0.00005000
1720656000002,4,-0.00005418
1720670400000,4,0.00004361
1720684800002,4,0.00004740
1720699200000,4,-0.00003882
1720713600004,4,0.00005000
1720728000000,4,0.00005000
1720742400000,4,0.00005000
1720756800003,4,0.00005000
1720771200000,4,0.00005000
1720785600000,4,0.00005000
1720800000000,4,0.00005000
1720814400000,4,0.00005000
1720828800000,4,0.00005000
1720843200001,4,0.00005000
1720857600000,4,0.00005000
1720872000000,4,0.00005000
1720886400000,4,0.00005000
1720900800000,4,0.00005000
1720915200000,4,0.00005000
1720929600001,4,0.00005000
1720944000000,4,0.00001404
1720958400000,4,0.00005000
1720972800000,4,0.00005000
1720987200000,4,0.00005000
1721001600000,4,0.00005000
1721016000000,4,-0.00000906
1721030400000,4,0.00005000
1721044800000,4,0.00005000
1721059200000,4,0.00001206
1721073600000,4,-0.00002595
1721088000000,4,-0.00012613
1721102400001,4,0.00005000
1721116800000,4,-0.00008571
1721131200000,4,-0.00019189
1721145600000,4,-0.00008145
1721160000000,4,-0.00017380
1721174400000,4,0.00000410
1721188800000,4,-0.00016955
1721203200001,4,0.00004930
1721217600000,4,0.00005000
1721232000000,4,0.00000883
1721246400000,4,-0.00005223
1721260800000,4,-0.00009994
1721275200001,4,-0.00002943
1721289600000,4,0.00005000
1721304000000,4,-0.00003096
1721318400000,4,0.00002689
1721332800000,4,0.00005000
1721347200000,4,0.00000944
1721361600000,4,0.00003730
1721376000000,4,0.00003381
1721390400000,4,0.00001437
1721404800000,4,0.00002608
1721419200000,4,-0.00002096
1721433600001,4,0.00005000
1721448000000,4,0.00005000
1721462400000,4,0.00003517
1721476800000,4,-0.00002527
1721491200000,4,-0.00002395
1721505600000,4,0.00005000
1721520000000,4,0.00005000
1721534400000,4,0.00005000
1721548800000,4,0.00005000
1721563200000,4,0.00005000
1721577600000,4,0.00004495
1721592000000,4,0.00005000
1721606400000,4,0.00005000
1721620800000,4,-0.00001246
1721635200000,4,-0.00002251
1721649600000,4,0.00004282
1721664000000,4,0.00005000
1721678400000,4,-0.00014008
1721692800000,4,-0.00008636
1721707200000,4,0.00003807
1721721600000,4,-0.00009206
1721736000000,4,0.00003907
1721750400000,4,-0.00003914
1721764800000,4,0.00005000
1721779200000,4,0.00004475
1721793600000,4,0.00005000
1721808000000,4,0.00005000
1721822400000,4,0.00005000
1721836800000,4,0.00005000
1721851200000,4,0.00000840
1721865600000,4,0.00005000
1721880000000,4,-0.00003716
1721894400000,4,0.00003792
1721908800001,4,-0.00000563
1721923200000,4,0.00005000
1721937600001,4,-0.00001702
1721952000000,4,-0.00004828
1721966400000,4,0.00005000
1721980800000,4,-0.00005908
1721995200000,4,0.00005000
1722009600000,4,0.00005000
1722024000000,4,-0.00002442
1722038400000,4,0.00003942
1722052800000,4,0.00000320
1722067200000,4,0.00005000
1722081600000,4,0.00005000
1722096000000,4,-0.00000101
1722110400000,4,-0.00000155
1722124800000,4,-0.00021825
1722139200000,4,-0.00009489
1722153600000,4,0.00005000
1722168000000,4,0.00002751
1722182400001,4,-0.00001789
1722196800000,4,-0.00036628
1722211200001,4,-1.0E-7
1722225600001,4,0.00005000
1722240000000,4,0.00005000
1722254400000,4,0.00005000
1722268800001,4,0.00005000
1722283200000,4,0.00005000
1722297600000,4,0.00005000
1722312000000,4,0.00005000
1722326400001,4,0.00005000
1722340800000,4,0.00004165
1722355200000,4,0.00004115
1722369600000,4,-0.00007704
1722384000000,4,-0.00042060
1722398400000,4,-0.00003156
1722412800000,4,0.00001924
1722427200000,4,0.00003877
1722441600000,4,-0.00001106
1722456000000,4,-0.00001554
1722470400000,4,0.00005000
1722484800000,4,0.00005000
1722499200000,4,0.00005000
1722513600000,4,0.00005000
1722528000000,4,0.00003684
1722542400001,4,-0.00008389
1722556800000,4,0.00001304
1722571200000,4,0.00005000
1722585600001,4,0.00000172
1722600000000,4,-0.00012206
1722614400000,4,-0.00002764
1722628800000,4,0.00004511
1722643200000,4,-0.00006597
1722657600000,4,-0.00003664
1722672000000,4,-0.00013681
1722686400000,4,0.00001552
1722700800001,4,-0.00011058
1722715200000,4,0.00005000
1722729600000,4,-0.00029242
1722744000000,4,0.00001465
1722758400000,4,0.00003479
1722772800000,4,-0.00013837
1722787200000,4,-0.00010646
1722801600000,4,-0.00017534
1722816000000,4,-0.00012921
1722830400000,4,-0.00033760
1722844800000,4,0.00005000
1722859200000,4,0.00005000
1722873600000,4,-0.00000102
1722888000000,4,-0.00010602
1722902400000,4,-0.00012815
1722916800001,4,-0.00015915
1722931200000,4,-0.00014883
1722945600000,4,-0.00010900
1722960000000,4,-0.00009431
1722974400000,4,-0.00002675
1722988800000,4,-0.00006959
1723003200000,4,-0.00001690
1723017600001,4,-0.00012932
1723032000000,4,-0.00000215
1723046400000,4,0.00002686
1723060800000,4,0.00005000
1723075200001,4,-0.00004277
1723089600000,4,-0.00026617
1723104000000,4,-0.00018690
1723118400000,4,0.00001871
1723132800000,4,-0.00005537
1723147200000,4,0.00000463
1723161600000,4,0.00005000
1723176000000,4,0.00005000
1723190400000,4,0.00005000
1723204800000,4,0.00005000
1723219200000,4,0.00005000
1723233600001,4,0.00005000
1723248000000,4,0.00005000
1723262400000,4,0.00005000
1723276800000,4,0.00005000
1723291200000,4,0.00005000
1723305600000,4,0.00005000
1723320000001,4,0.00005000
1723334400000,4,0.00002790
1723348800000,4,0.00005000
1723363200000,4,0.00005000
1723377600000,4,0.00005000
1723392000001,4,0.00005000
1723406400000,4,0.00005000
1723420800000,4,0.00005000
1723435200000,4,0.00000461
1723449600000,4,0.00005000
1723464000000,4,-0.00006723
1723478400000,4,-0.00003169
1723492800000,4,0.00000171
1723507200000,4,0.00005000
1723521600001,4,-0.00000741
1723536000000,4,0.00005000
1723550400000,4,-0.00002144
1723564800000,4,-0.00013419
1723579200000,4,0.00003430
1723593600000,4,-0.00012405
1723608000000,4,-0.00012442
1723622400000,4,0.00002587
1723636800000,4,-0.00008435
1723651200000,4,0.00005000
1723665600000,4,0.00005000
1723680000000,4,0.00005000
1723694400000,4,0.00005000
1723708800000,4,0.00005000
1723723200000,4,-0.00009539
1723737600000,4,-0.00002447
1723752000000,4,0.00004728
1723766400000,4,-0.00007583
1723780800001,4,-0.00006444
1723795200000,4,-0.00001392
1723809600000,4,-0.00010257
1723824000000,4,0.00000514
1723838400000,4,-0.00005255
1723852800000,4,-0.00009034
1723867200000,4,-0.00002197
1723881600000,4,-0.00002215
1723896000000,4,-0.00014782
1723910400000,4,-0.00014916
1723924800000,4,-0.00017731
1723939200000,4,-0.00032976
1723953600001,4,-0.00009967
1723968000000,4,-0.00011677
1723982400000,4,-0.00012170
1723996800000,4,-0.00019666
1724011200000,4,-0.00010592
1724025600000,4,-0.00013054
1724040000000,4,-0.00018309
1724054400000,4,-0.00006652
1724068800000,4,-0.00008473
1724083200002,4,-0.00007299
1724097600001,4,0.00003610
1724112000000,4,-0.00005583
1724126400000,4,-0.00018070
1724140800000,4,0.00001141
1724155200000,4,-0.00012895
1724169600001,4,-0.00005120
1724184000000,4,0.00005000
1724198400001,4,0.00005000
1724212800001,4,0.00002726
1724227200000,4,0.00005000
1724241600000,4,0.00005000
1724256000001,4,0.00005000
1724270400001,4,0.00005000
1724284800000,4,0.00005000
1724299200000,4,0.00005000
1724313600000,4,0.00005000
1724328000001,4,0.00003283
1724342400008,4,0.00005000
1724356800000,4,0.00002563
1724371200000,4,0.00005000
1724385600000,4,0.00005000
1724400000000,4,0.00005000
1724414400001,4,0.00005000
1724428800000,4,0.00002419
1724443200000,4,-0.00002222
1724457600000,4,0.00005000
1724472000000,4,0.00002498
1724486400005,4,0.00002315
1724500800000,4,-0.00002845
1724515200000,4,-0.00010526
1724529600000,4,0.00005000
1724544000000,4,0.00005000
1724558400001,4,0.00005000
1724572800000,4,0.00005000
1724587200001,4,0.00005000
1724601600000,4,0.00003761
1724616000001,4,0.00004420
1724630400000,4,-0.00001085
1724644800000,4,0.00005000
1724659200001,4,0.00001851
1724673600001,4,0.00005000
1724688000000,4,0.00005000
1724702400001,4,-0.00002306
1724716800001,4,-0.00003425
1724731200000,4,-0.00008666
1724745600000,4,-0.00010938
1724760000000,4,0.00002719
1724774400000,4,0.00005000
1724788800000,4,-0.00009763
1724803200000,4,0.00002660
1724817600000,4,-0.00008879
1724832000000,4,0.00001884
1724846400000,4,-0.00007470
1724860800001,4,-0.00003496
1724875200000,4,-0.00004041
1724889600000,4,-0.00001883
1724904000000,4,0.00003561
1724918400001,4,-0.00016483
1724932800001,4,0.00001843
1724947200000,4,-0.00007730
1724961600000,4,-0.00004872
1724976000000,4,-0.00009312
1724990400000,4,0.00002853
1725004800000,4,-0.00000587
1725019200001,4,-0.00003922
1725033600000,4,-0.00018503
1725048000000,4,-0.00007687
1725062400000,4,0.00005000
1725076800002,4,0.00003570
1725091200000,4,-0.00014598
1725105600004,4,-0.00008118
1725120000000,4,-0.00025123
1725134400001,4,-0.00016163
1725148800000,4,-0.00017279
1725163200000,4,-0.00006879
1725177600001,4,-0.00001987
1725192000000,4,0.00005000
1725206400000,4,-0.00010765
1725220800000,4,-0.00005082
1725235200001,4,-0.00003051
1725249600001,4,0.00005000
1725264000001,4,0.00002972
1725278400000,4,-0.00001912
1725292800000,4,-0.00006552
1725307200000,4,-0.00017861
1725321600000,4,-0.00030389
1725336000000,4,-0.00018953
1725350400001,4,-0.00005013
1725364800000,4,-0.00020002
1725379200000,4,-0.00021246
1725393600000,4,-0.00007133
1725408000000,4,-0.00000422
1725422400000,4,0.00005000
1725436800000,4,-0.00011835
1725451200000,4,0.00003785
1725465600000,4,-0.00011336
1725480000001,4,-0.00001389
1725494400000,4,0.00004985
1725508800002,4,0.00005000
1725523200000,4,0.00005000
1725537600000,4,-0.00006673
1725552000005,4,-0.00000222
1725566400000,4,0.00005000
1725580800000,4,-0.00001445
1725595200001,4,-0.00007941
1725609600001,4,0.00005000
1725624000009,4,-0.00003034
1725638400000,4,0.00003770
1725652800000,4,1.1E-7
1725667200000,4,0.00003386
1725681600000,4,-0.00005527
1725696000000,4,-0.00008339
1725710400000,4,-0.00000425
1725724800000,4,-0.00001420
1725739200000,4,0.00004942
1725753600000,4,0.00005000
1725768000000,4,0.00005000
1725782400000,4,0.00001432
1725796800000,4,-0.00003474
1725811200000,4,0.00005000
1725825600000,4,-0.00000782
1725840000000,4,0.00000758
1725854400000,4,-0.00002088
1725868800000,4,0.00005000
1725883200000,4,-0.00013907
1725897600001,4,0.00001748
1725912000000,4,-0.00010159
1725926400000,4,-0.00001160
1725940800000,4,0.00005000
1725955200000,4,-0.00007959
1725969600000,4,0.00002867
1725984000000,4,-0.00009989
1725998400000,4,0.00005000
1726012800000,4,0.00000600
1726027200000,4,0.00005000
1726041600000,4,0.00005000
1726056000000,4,-0.00012328
1726070400000,4,-0.00002851
1726084800000,4,-0.00007090
1726099200000,4,-0.00002857
1726113600001,4,-0.00015806
1726128000000,4,-0.00009882
1726142400000,4,-0.00011357
1726156800000,4,-0.00008044
1726171200000,4,-0.00007547
1726185600000,4,-0.00003566
1726200000000,4,-0.00026775
1726214400001,4,-0.00030863
1726228800000,4,-0.00015201
1726243200001,4,0.00000150
1726257600000,4,0.00002558
1726272000000,4,0.00002451
1726286400000,4,0.00005000
1726300800000,4,0.00002784
1726315200000,4,0.00005000
1726329600001,4,-0.00011537
1726344000000,4,0.00005000
1726358400000,4,0.00005000
1726372800000,4,-0.00005633
1726387200000,4,0.00004770
1726401600000,4,0.00005000
1726416000000,4,-0.00012104
1726430400000,4,0.00005000
1726444800000,4,0.00004800
1726459200000,4,-0.00000174
1726473600001,4,-0.00007335
1726488000000,4,-0.00004786
1726502400000,4,-0.00003552
1726516800000,4,-0.00004045
1726531200001,4,-0.00012109
1726545600000,4,-0.00001567
1726560000000,4,-0.00005397
1726574400000,4,0.00005000
1726588800000,4,-0.00032686
1726603200000,4,0.00001694
1726617600000,4,0.00002052
1726632000000,4,0.00001334
1726646400000,4,-0.00003130
1726660800000,4,0.00002237
1726675200004,4,-0.00005705
1726689600000,4,-0.00015702
1726704000000,4,-0.00004061
1726718400000,4,-0.00016416
1726732800000,4,-0.00045701
1726747200000,4,-0.00009800
1726761600001,4,0.00001879
1726776000001,4,0.00003060
1726790400000,4,0.00005000
1726804800000,4,0.00005000
1726819200001,4,0.00005000
1726833600000,4,0.00005000
1726848000000,4,0.00005000
1726862400001,4,0.00005000
1726876800001,4,0.00005000
1726891200000,4,0.00005000
1726905600000,4,0.00005000
1726920000000,4,0.00005000
1726934400000,4,0.00005000
1726948800000,4,0.00005000
1726963200000,4,0.00004678
1726977600000,4,0.00005000
1726992000000,4,0.00005000
1727006400000,4,0.00005000
1727020800000,4,0.00005000
1727035200000,4,0.00005000
1727049600000,4,0.00004898
1727064000000,4,0.00003864
1727078400000,4,-0.00005632
1727092800001,4,0.00005000
1727107200000,4,-0.00001110
1727121600001,4,0.00005000
1727136000000,4,0.00005000
1727150400000,4,0.00005000
1727164800000,4,0.00005000
1727179200001,4,0.00005000
1727193600001,4,0.00005000
1727208000006,4,0.00005000
1727222400000,4,-0.00008458
1727236800015,4,-0.00001212
1727251200003,4,0.00005000
1727265600002,4,0.00005000
1727280000000,4,0.00005000
1727294400000,4,0.00005000
1727308800005,4,0.00005000
1727323200000,4,0.00005000
1727337600000,4,0.00005000
1727352000005,4,0.00005000
1727366400000,4,0.00005000
1727380800000,4,0.00005000
1727395200000,4,0.00005000
1727409600000,4,0.00005000
1727424000000,4,0.00005000
1727438400000,4,0.00005000
1727452800000,4,0.00005000
1727467200000,4,0.00005000
1727481600000,4,0.00005000
1727496000001,4,0.00005000
1727510400001,4,0.00005000
1727524800000,4,0.00005000
1727539200000,4,0.00005000
1727553600000,4,0.00005000
1727568000001,4,0.00005000
1727582400000,4,0.00005000
1727596800000,4,0.00005000
1727611200000,4,0.00005000
1727625600000,4,0.00005000
1727640000000,4,0.00005000
1727654400000,4,0.00005000
1727668800001,4,0.00005000
1727683200001,4,0.00005000
1727697600000,4,0.00005000
1727712000000,4,0.00005000
1727726400000,4,0.00005000
1727740800000,4,0.00005000
1727755200001,4,0.00005000
1727769600000,4,0.00005000
1727784000000,4,0.00005000
1727798400001,4,0.00005000
1727812800000,4,0.00005000
1727827200000,4,0.00003882
1727841600000,4,-0.00000942
1727856000000,4,0.00003082
1727870400000,4,0.00005000
1727884800000,4,0.00005000
1727899200000,4,0.00005000
1727913600000,4,0.00005000
1727928000000,4,0.00005000
1727942400000,4,0.00003024
1727956800000,4,0.00001934
1727971200000,4,0.00005000
1727985600000,4,0.00005000
1728000000000,4,0.00002774
1728014400000,4,-0.00001623
1728028800000,4,0.00004720
1728043200000,4,-0.00002669
1728057600001,4,0.00003186
1728072000000,4,-0.00005000
1728086400000,4,0.00005000
1728100800000,4,0.00005000
1728115200000,4,0.00005000
1728129600000,4,0.00005000
1728144000000,4,0.00005000
1728158400000,4,0.00004926
1728172800000,4,0.00003610
1728187200001,4,-0.00009801
1728201600001,4,0.00005000
1728216000000,4,0.00005000
1728230400000,4,0.00003893
1728244800000,4,0.00002284
1728259200000,4,0.00005000
1728273600000,4,0.00005000
1728288000000,4,0.00005000
1728302400000,4,0.00005000
1728316800001,4,0.00004873
1728331200000,4,0.00005000
1728345600000,4,0.00005000
1728360000000,4,0.00005000
1728374400000,4,0.00005000
1728388800000,4,0.00005000
1728403200000,4,0.00005000
1728417600000,4,0.00005000
1728432000000,4,0.00005000
1728446400000,4,0.00005000
1728460800000,4,0.00005000
1728475200000,4,0.00005000
1728489600000,4,0.00005000
1728504000000,4,0.00005000
1728518400000,4,0.00005000
1728532800000,4,0.00005000
1728547200000,4,0.00005000
1728561600000,4,0.00005000
1728576000000,4,0.00005000
1728590400000,4,0.00005000
1728604800000,4,0.00005000
1728619200000,4,0.00005000
1728633600000,4,0.00005000
1728648000000,4,0.00005000
1728662400001,4,0.00002869
1728676800000,4,-0.00007035
1728691200000,4,0.00005000
1728705600001,4,0.00005000
1728720000001,4,0.00005000
1728734400000,4,0.00005000
1728748800000,4,0.00005000
1728763200000,4,0.00005000
1728777600000,4,0.00005000
1728792000001,4,0.00005000
1728806400000,4,0.00005000
1728820800000,4,0.00005000
1728835200000,4,0.00005000
1728849600000,4,0.00005000
1728864000000,4,0.00005000
1728878400000,4,0.00005000
1728892800000,4,0.00005000
1728907200000,4,0.00005000
1728921600000,4,0.00005000
1728936000000,4,0.00005000
1728950400000,4,0.00005000
1728964800000,4,0.00005000
1728979200000,4,0.00005000
1728993600000,4,0.00005000
1729008000000,4,0.00005000
1729022400000,4,0.00005000
1729036800000,4,0.00005000
1729051200000,4,0.00005000
1729065600001,4,0.00005000
1729080000000,4,0.00005000
1729094400000,4,0.00005000
1729108800000,4,0.00005000
1729123200000,4,0.00004709
1729137600001,4,0.00005000
1729152000000,4,-0.00002633
1729166400000,4,0.00005000
1729180800001,4,0.00005000
1729195200007,4,-0.00001407
1729209600010,4,0.00005000
1729224000000,4,0.00005000
1729238400001,4,0.00005000
1729252800000,4,-0.00002062
1729267200000,4,0.00005000
1729281600000,4,-0.00006455
1729296000000,4,0.00005000
1729310400000,4,0.00002857
1729324800000,4,0.00005000
1729339200000,4,0.00005000
1729353600000,4,-0.00003573
1729368000000,4,-0.00002373
1729382400000,4,0.00005000
1729396800000,4,0.00005000
1729411200000,4,0.00005000
1729425600000,4,-0.00003532
1729440000000,4,0.00005000
1729454400000,4,0.00005000
1729468800000,4,0.00005000
1729483200000,4,0.00005000
1729497600000,4,0.00005000
1729512000000,4,0.00005000
1729526400000,4,0.00005000
1729540800000,4,0.00005000
1729555200000,4,0.00005000
1729569600000,4,0.00005000
1729584000000,4,0.00005000
1729598400000,4,0.00005000
1729612800000,4,0.00005000
1729627200000,4,0.00005000
1729641600000,4,0.00005000
1729656000000,4,0.00005000
1729670400000,4,0.00005000
1729684800000,4,0.00005000
1729699200000,4,0.00005000
1729713600001,4,0.00005000
1729728000000,4,0.00005000
1729742400001,4,0.00005000
1729756800000,4,0.00005000
1729771200000,4,0.00005000
1729785600000,4,0.00005000
1729800000000,4,0.00005000
1729814400000,4,0.00005000
1729828800001,4,0.00005000
1729843200000,4,0.00005000
1729857600000,4,0.00005000
1729872000000,4,0.00005000
1729886400000,4,0.00005000
1729900800000,4,0.00005000
1729915200001,4,0.00005000
1729929600001,4,0.00005000
1729944000000,4,-0.00000100
1729958400000,4,-0.00002049
1729972800001,4,0.00005000
1729987200000,4,0.00005000
1730001600000,4,0.00005000
1730016000000,4,-0.00006058
1730030400000,4,0.00005000
1730044800000,4,-0.00005951
1730059200000,4,-0.00007451
1730073600000,4,-4.0E-7
1730088000000,4,-0.00011072
1730102400001,4,0.00005000
1730116800001,4,0.00005000
1730131200000,4,0.00005000
1730145600000,4,0.00005000
1730160000000,4,0.00005000
1730174400000,4,0.00005000
1730188800000,4,0.00005000
1730203200001,4,0.00001661
1730217600004,4,-0.00003040
1730232000000,4,0.00005000
1730246400000,4,0.00005000
1730260800000,4,0.00005000
1730275200000,4,0.00005000
1730289600006,4,0.00005000
1730304000013,4,0.00005000
1730318400000,4,0.00005000
1730332800000,4,0.00005000
1730347200000,4,0.00005000
1730361600000,4,0.00005000
1730376000000,4,0.00005000
1730390400000,4,0.00005000
1730404800000,4,0.00005000
1730419200000,4,-0.00080992
1730433600000,4,-0.00003460
1730448000000,4,-0.00017839
1730462400000,4,-0.00010408
1730476800000,4,-0.00023063
1730491200001,4,0.00003409
1730505600000,4,0.00005000
1730520000000,4,0.00005000
1730534400000,4,0.00005000
1730548800000,4,0.00005000
1730563200000,4,0.00005000
1730577600001,4,0.00005000
1730592000000,4,0.00005000
1730606400000,4,0.00005000
1730620800000,4,-0.00035531
1730635200000,4,0.00000432
1730649600000,4,0.00005000
1730664000000,4,0.00005000
1730678400000,4,-0.00000875
1730692800000,4,-3.2E-7
1730707200000,4,0.00005000
1730721600000,4,0.00005000
1730736000000,4,0.00001648
1730750400000,4,0.00005000
1730764800000,4,0.00004529
1730779200000,4,0.00005000
1730793600003,4,0.00005000
1730808000001,4,0.00005000
1730822400001,4,0.00005000
1730836800000,4,0.00005000
1730851200000,4,0.00005000
1730865600000,4,0.00005000
1730880000000,4,0.00005000
1730894400001,4,0.00005000
1730908800000,4,0.00005000
1730923200001,4,0.00005000
1730937600000,4,0.00005000
1730952000000,4,0.00005000
1730966400000,4,0.00005000
1730980800000,4,0.00005000
1730995200000,4,0.00005000
1731009600000,4,0.00005000
1731024000000,4,0.00005000
1731038400000,4,0.00005000
1731052800000,4,0.00005000
1731067200000,4,0.00005000
1731081600000,4,0.00005000
1731096000000,4,0.00005000
1731110400000,4,0.00005000
1731124800000,4,0.00005000
1731139200000,4,0.00005000
1731153600000,4,0.00005000
1731168000000,4,0.00005000
1731182400000,4,0.00005000
1731196800000,4,0.00005000
1731211200000,4,0.00005000
1731225600000,4,0.00005000
1731240000000,4,0.00005000
1731254400000,4,0.00006482
1731268800000,4,0.00012562
1731283200001,4,0.00005000
1731297600000,4,0.00022576
1731312000000,4,0.00005000
1731326400000,4,0.00005000
1731340800000,4,0.00005000
1731355200000,4,0.00007770
1731369600002,4,0.00024236
1731384000000,4,0.00030356
1731398400000,4,0.00005000
1731412800000,4,0.00028170
1731427200000,4,0.00017892
1731441600000,4,0.00005000
1731456000000,4,0.00011201
1731470400000,4,0.00007409
1731484800010,4,0.00005000
1731499200001,4,0.00005000
1731513600000,4,0.00005000
1731528000000,4,0.00012457
1731542400001,4,0.00005000
1731556800000,4,0.00013919
1731571200000,4,0.00009532
1731585600001,4,0.00005000
1731600000000,4,0.00005000
1731614400000,4,0.00005000
1731628800000,4,0.00005000
1731643200001,4,0.00005000
1731657600000,4,0.00005000
1731672000000,4,0.00005000
1731686400000,4,0.00005000
1731700800000,4,0.00005000
1731715200001,4,0.00005000
1731729600001,4,0.00005000
1731744000001,4,0.00005000
1731758400000,4,0.00005000
1731772800000,4,0.00005000
1731787200000,4,0.00005000
1731801600000,4,0.00011006
1731816000000,4,0.00005885
1731830400000,4,0.00017414
1731844800000,4,0.00012254
1731859200001,4,0.00008199
1731873600001,4,0.00005000
1731888000000,4,0.00005000
1731902400000,4,0.00012888
1731916800000,4,0.00016836
1731931200000,4,0.00025465
1731945600000,4,0.00013585
1731960000000,4,0.00022892
1731974400000,4,0.00009518
1731988800000,4,0.00006504
1732003200000,4,0.00018349
1732017600000,4,0.00017593
1732032000000,4,0.00005000
1732046400001,4,0.00005000
1732060800003,4,0.00006347
1732075200000,4,0.00005000
1732089600000,4,0.00005000
1732104000000,4,0.00005000
1732118400000,4,0.00005000
1732132800000,4,0.00005000
1732147200001,4,0.00005000
1732161600000,4,0.00005000
1732176000000,4,0.00005000
1732190400000,4,0.00005000
1732204800001,4,0.00005000
1732219200000,4,0.00008937
1732233600000,4,0.00020335
1732248000000,4,0.00006785
1732262400000,4,0.00005000
1732276800000,4,0.00008394
1732291200001,4,0.00018440
1732305600000,4,0.00015513
1732320000000,4,0.00010882
1732334400000,4,0.00016044
1732348800000,4,0.00018339
1732363200000,4,0.00018081
1732377600000,4,0.00021723
1732392000000,4,0.00027873
1732406400001,4,0.00018116
1732420800000,4,0.00020109
1732435200000,4,0.00008239
1732449600000,4,0.00019767
1732464000000,4,0.00010100
1732478400000,4,0.00005000
1732492800000,4,0.00005000
1732507200000,4,0.00005535
1732521600000,4,0.00016823
1732536000008,4,0.00021951
1732550400000,4,0.00013028
1732564800000,4,0.00019436
1732579200000,4,0.00013841
1732593600000,4,0.00015655
1732608000000,4,0.00014180
1732622400000,4,0.00010692
1732636800000,4,0.00005000
1732651200000,4,0.00010496
1732665600000,4,0.00005000
1732680000000,4,0.00011886
1732694400000,4,0.00006832
1732708800000,4,0.00007411
1732723200001,4,0.00013853
1732737600000,4,0.00006975
1732752000000,4,0.00014568
1732766400000,4,0.00010626
1732780800000,4,0.00006751
1732795200000,4,0.00006770
1732809600000,4,0.00006047
1732824000000,4,0.00011031
1732838400000,4,0.00017464
1732852800000,4,0.00009319
1732867200000,4,0.00015199
1732881600000,4,0.00005000
1732896000000,4,0.00026847
1732910400000,4,0.00018243
1732924800000,4,0.00019786
1732939200000,4,0.00025621
1732953600000,4,0.00007554
1732968000001,4,0.00013891
1732982400000,4,0.00008816
1732996800000,4,0.00008151
1733011200000,4,0.00025617
1733025600000,4,0.00009473
1733040000000,4,0.00007272
1733054400000,4,0.00006341
1733068800000,4,0.00010942
1733083200000,4,0.00023590
1733097600001,4,0.00027467
1733112000000,4,0.00024885
1733126400001,4,0.00023409
1733140800000,4,0.00012152
1733155200000,4,0.00020902
1733169600001,4,0.00022461
1733184000000,4,0.00029798
1733198400000,4,0.00034989
1733212800000,4,0.00026559
1733227200001,4,0.00033780
1733241600000,4,0.00019462
1733256000000,4,0.00022605
1733270400000,4,0.00026451
1733284800000,4,0.00032757
1733299200000,4,0.00032345
1733313600000,4,0.00047553
1733328000000,4,0.00022061
1733342400000,4,0.00005000
1733356800001,4,0.00005000
1733371200000,4,0.00005000
1733385600000,4,0.00022143
1733400000000,4,0.00035210
1733414400000,4,0.00039063
1733428800000,4,0.00029456
1733443200000,4,0.00018710
1733457600001,4,0.00029075
1733472000000,4,0.00029929
1733486400001,4,0.00005000
1733500800000,4,0.00005000
1733515200001,4,0.00025829
1733529600000,4,0.00019099
1733544000000,4,0.00030294
1733558400000,4,0.00021593
1733572800000,4,0.00018704
1733587200000,4,0.00021471
1733601600000,4,0.00025394
1733616000000,4,0.00021016
1733630400000,4,0.00024168
1733644800000,4,0.00015720
1733659200001,4,0.00019645
1733673600000,4,0.00025293
1733688000000,4,0.00007853
1733702400000,4,0.00019642
1733716800000,4,0.00012289
1733731200000,4,0.00011536
1733745600000,4,0.00005000
1733760000001,4,0.00005000
1733774400012,4,0.00006564
1733788800007,4,0.00005000
1733803200002,4,0.00005000
1733817600000,4,0.00005000
1733832000000,4,0.00005000
1733846400000,4,0.00005000
1733860800001,4,0.00005000
1733875200000,4,0.00005000
1733889600000,4,0.00005000
1733904000000,4,0.00005000
1733918400000,4,0.00005000
1733932800001,4,0.00005000
1733947200000,4,0.00005000
1733961600001,4,0.00005000
1733976000000,4,0.00005000
1733990400000,4,0.00005000
1734004800000,4,0.00005000
1734019200001,4,0.00005000
1734033600000,4,0.00005000
1734048000000,4,0.00005000
1734062400000,4,0.00005000
1734076800000,4,0.00005000
1734091200000,4,0.00005000
1734105600001,4,0.00005000
1734120000001,4,0.00005000
1734134400000,4,0.00005000
1734148800000,4,0.00005000
1734163200000,4,0.00005000
1734177600000,4,0.00005000
1734192000000,4,0.00005000
1734206400000,4,0.00005000
1734220800000,4,0.00005000
1734235200000,4,0.00005000
1734249600000,4,0.00005000
1734264000000,4,0.00005000
1734278400000,4,0.00005000
1734292800001,4,0.00005000
1734307200000,4,0.00005000
1734321600000,4,0.00005000
1734336000001,4,0.00005000
1734350400000,4,0.00005000
1734364800000,4,0.00005000
1734379200000,4,0.00005000
1734393600000,4,0.00005000
1734408000000,4,0.00005000
1734422400000,4,0.00005000
1734436800000,4,0.00005000
1734451200000,4,0.00005000
1734465600000,4,0.00005000
1734480000000,4,0.00005000
1734494400000,4,0.00005000
1734508800000,4,0.00005000
1734523200000,4,0.00005000
1734537600000,4,0.00005000
1734552000000,4,0.00005000
1734566400000,4,0.00005000
1734580800000,4,0.00005000
1734595200000,4,0.00005000
1734609600000,4,0.00004099
1734624000000,4,0.00005000
1734638400000,4,0.00005000
1734652800000,4,0.00005000
1734667200001,4,0.00005000
1734681600001,4,0.00005000
1734696000000,4,0.00005000
1734710400014,4,0.00005000
1734724800000,4,0.00005000
1734739200000,4,0.00005000
1734753600000,4,0.00005000
1734768000000,4,0.00005000
1734782400000,4,0.00005000
1734796800001,4,0.00005000
1734811200000,4,0.00005000
1734825600000,4,0.00005000
1734840000000,4,0.00005000
1734854400000,4,0.00005000
1734868800000,4,0.00005000
1734883200000,4,0.00005000
1734897600000,4,0.00005000
1734912000000,4,0.00005000
1734926400000,4,0.00005000
1734940800000,4,0.00005000
1734955200000,4,0.00005000
1734969600001,4,0.00005000
1734984000000,4,0.00005000
1734998400000,4,0.00005000
1735012800000,4,0.00005000
1735027200000,4,0.00005000
1735041600000,4,0.00005000
1735056000001,4,0.00005000
1735070400000,4,0.00005000
1735084800001,4,0.00005000
1735099200001,4,0.00005000
1735113600000,4,0.00002895
1735128000000,4,0.00005000
1735142400000,4,0.00005000
1735156800000,4,0.00005000
1735171200000,4,0.00005000
1735185600001,4,0.00005000
1735200000000,4,0.00005000
1735214400000,4,0.00005000
1735228800000,4,0.00005000
1735243200001,4,0.00005000
1735257600000,4,0.00003341
1735272000000,4,0.00003170
1735286400000,4,0.00005000
1735300800000,4,0.00005000
1735315200000,4,0.00005000
1735329600001,4,0.00005000
1735344000001,4,0.00005000
1735358400000,4,0.00005000
1735372800000,4,0.00005000
1735387200000,4,0.00005000
1735401600000,4,0.00005000
1735416000000,4,0.00005000
1735430400000,4,0.00005000
1735444800000,4,0.00005000
1735459200000,4,0.00005000
1735473600000,4,0.00005000
1735488000000,4,0.00005000
1735502400000,4,0.00005000
1735516800000,4,0.00005000
1735531200001,4,0.00005000
1735545600001,4,0.00005000
1735560000000,4,0.00005000
1735574400000,4,0.00005000
1735588800000,4,0.00005000
1735603200000,4,0.00004091
1735617600000,4,0.00005000
1735632000000,4,0.00005000
1735646400001,4,0.00005000
1735660800000,4,0.00005000
1735675200000,4,0.00005000
1735689600015,4,0.00005000
1735704000004,4,0.00005000
1735718400000,4,0.00005000
1735732800002,4,0.00003197
1735747200001,4,0.00005000
1735761600000,4,0.00005000
1735776000000,4,0.00005000
1735790400000,4,0.00005000
1735804800006,4,0.00005000
1735819200007,4,0.00005000
1735833600000,4,0.00005000
1735848000001,4,0.00005000
1735862400000,4,0.00005000
1735876800001,4,0.00005000
1735891200000,4,0.00005000
1735905600000,4,0.00005000
1735920000000,4,0.00005000
1735934400001,4,0.00005000
1735948800000,4,0.00005000
1735963200000,4,0.00005000
1735977600000,4,0.00005000
1735992000000,4,0.00005000
1736006400000,4,0.00005000
1736020800001,4,0.00005000
1736035200000,4,0.00005000
1736049600000,4,0.00005000
1736064000000,4,0.00005000
1736078400000,4,0.00005000
1736092800000,4,0.00005000
1736107200000,4,0.00005000
1736121600000,4,0.00005000
1736136000000,4,0.00005000
1736150400001,4,0.00005000
1736164800000,4,0.00005000
1736179200000,4,0.00005000
1736193600000,4,0.00005000
1736208000000,4,0.00005000
1736222400000,4,0.00005000
1736236800000,4,0.00005000
1736251200001,4,0.00005000
1736265600008,4,0.00005000
1736280000000,4,0.00005000
1736294400001,4,0.00005000
1736308800006,4,0.00005000
1736323200000,4,0.00005000
1736337600000,4,0.00005000
1736352000000,4,0.00005000
1736366400000,4,0.00004247
1736380800000,4,-0.00001171
1736395200001,4,0.00005000
1736409600000,4,0.00005000
1736424000000,4,0.00005000
1736438400000,4,0.00005000
1736452800000,4,0.00005000
1736467200000,4,0.00005000
1736481600000,4,0.00003678
1736496000000,4,-0.00001850
1736510400000,4,0.00003592
1736524800000,4,0.00005000
1736539200001,4,0.00005000
1736553600000,4,0.00005000
1736568000000,4,0.00005000
1736582400000,4,0.00003010
1736596800000,4,0.00005000
1736611200000,4,-0.00009969
1736625600000,4,0.00005000
1736640000000,4,0.00004462
1736654400000,4,-0.00005597
1736668800000,4,0.00005000
1736683200000,4,0.00005000
1736697600000,4,0.00005000
1736712000000,4,0.00005000
1736726400000,4,0.00005000
1736740800000,4,0.00004401
1736755200000,4,0.00005000
1736769600000,4,0.00005000
1736784000000,4,0.00005000
1736798400000,4,0.00005000
1736812800000,4,0.00005000
1736827200000,4,0.00005000
1736841600000,4,0.00005000
1736856000000,4,0.00001652
1736870400000,4,0.00005000
1736884800000,4,0.00005000
1736899200000,4,0.00005000
1736913600000,4,0.00005000
1736928000000,4,0.00005000
1736942400000,4,0.00005000
1736956800000,4,0.00005000
1736971200000,4,0.00005000
1736985600000,4,0.00005000
1737000000000,4,0.00005000
1737014400000,4,0.00005000
1737028800000,4,0.00005000
1737043200000,4,0.00005000
1737057600000,4,0.00005000
1737072000004,4,0.00005000
1737086400000,4,0.00005000
1737100800000,4,0.00005000
1737115200013,4,0.00005000
1737129600008,4,0.00005000
1737144000005,4,0.00005000
1737158400000,4,0.00005000
1737172800003,4,0.00005000
1737187200007,4,0.00005000
1737201600000,4,0.00005000
1737216000000,4,0.00005000
1737230400000,4,0.00005000
1737244800000,4,0.00005000
1737259200000,4,0.00005000
1737273600000,4,0.00005000
1737288000000,4,0.00005000
1737302400000,4,0.00005000
1737316800000,4,0.00005000
1737331200000,4,0.00005000
1737345600000,4,-0.00006465
1737360000009,4,0.00005000
1737374400002,4,0.00005000
1737388800000,4,0.00005000
1737403200001,4,0.00005000
1737417600000,4,0.00005000
1737432000000,4,0.00005000
1737446400000,4,0.00005000
1737460800000,4,0.00005000
1737475200000,4,0.00005000
1737489600000,4,0.00005000
1737504000000,4,0.00005000
1737518400000,4,0.00005000
1737532800000,4,0.00005000
1737547200000,4,0.00005000
1737561600000,4,0.00005000
1737576000000,4,0.00005000
1737590400001,4,0.00005000
1737604800001,4,0.00005000
1737619200000,4,0.00005000
1737633600000,4,0.00005000
1737648000000,4,0.00005000
1737662400000,4,0.00005000
1737676800000,4,0.00005000
1737691200000,4,0.00005000
1737705600000,4,0.00005000
1737720000001,4,0.00005000
1737734400000,4,0.00005000
1737748800000,4,0.00005000
1737763200000,4,0.00005000
1737777600000,4,0.00005000
1737792000000,4,0.00005000
1737806400000,4,0.00005000
1737820800001,4,0.00005000
1737835200001,4,0.00005000
1737849600000,4,0.00005000
1737864000000,4,0.00005000
1737878400000,4,0.00005000
1737892800000,4,0.00005000
1737907200000,4,0.00005000
1737921600000,4,0.00005000
1737936000000,4,0.00005000
1737950400000,4,0.00005000
1737964800000,4,0.00005000
1737979200001,4,-0.00003107
1737993600000,4,0.00005000
1738008000000,4,0.00005000
1738022400000,4,0.00005000
1738036800000,4,0.00005000
1738051200000,4,0.00005000
1738065600000,4,0.00005000
1738080000000,4,0.00005000
1738094400000,4,0.00005000
1738108800000,4,0.00000376
1738123200001,4,0.00005000
1738137600000,4,0.00005000
1738152000000,4,0.00001223
1738166400000,4,0.00003016
1738180800000,4,0.00005000
1738195200000,4,0.00003596
1738209600000,4,0.00005000
1738224000000,4,0.00002493
1738238400000,4,0.00005000
1738252800000,4,0.00005000
1738267200000,4,0.00005000
1738281600000,4,0.00005000
1738296000000,4,0.00005000
1738310400000,4,0.00005000
1738324800001,4,0.00005000
1738339200000,4,0.00005000
1738353600000,4,0.00005000
1738368000000,4,0.00005000
1738382400000,4,0.00005000
1738396800000,4,0.00005000
1738411200000,4,0.00005000
1738425600000,4,0.00005000
1738440000000,4,0.00005000
1738454400001,4,0.00001037
1738468800000,4,-0.00008004
1738483200000,4,-0.00003921
1738497600000,4,-0.00008531
1738512000000,4,-0.00008406
1738526400000,4,0.00001491
1738540800000,4,-0.00005018
1738555200000,4,-0.00001026
1738569600000,4,-0.00005183
1738584000000,4,-0.00014814
1738598400000,4,-0.00013191
1738612800000,4,-0.00011719
1738627200000,4,-0.00011097
1738641600001,4,-0.00006374
1738656000001,4,-0.00009362
1738670400001,4,-0.00004391
1738684800000,4,0.00005000
1738699200000,4,0.00001136
1738713600001,4,0.00005000
1738728000000,4,0.00005000
1738742400001,4,0.00005000
1738756800000,4,0.00004590
1738771200000,4,-0.00000374
1738785600000,4,0.00005000
1738800000001,4,0.00005000
1738814400001,4,-0.00001737
1738828800001,4,-0.00004616
1738843200000,4,0.00005000
1738857600000,4,0.00005000
1738872000000,4,0.00004777
1738886400000,4,0.00005000
1738900800000,4,0.00001191
1738915200000,4,0.00005000
1738929600000,4,-0.00004383
1738944000000,4,0.00005000
1738958400000,4,0.00005000
1738972800000,4,0.00005000
1738987200000,4,0.00005000
1739001600000,4,0.00003668
1739016000000,4,0.00005000
1739030400000,4,0.00005000
1739044800000,4,0.00005000
1739059200000,4,0.00005000
1739073600000,4,0.00005000
1739088000000,4,0.00005000
1739102400000,4,-0.00000233
1739116800000,4,0.00005000
1739131200007,4,0.00005000
1739145600000,4,0.00005000
1739160000000,4,0.00005000
1739174400000,4,0.00005000
1739188800000,4,0.00005000
1739203200000,4,0.00005000
1739217600001,4,-0.00006090
1739232000000,4,0.00003976
1739246400000,4,0.00005000
1739260800000,4,0.00005000
1739275200000,4,0.00005000
1739289600000,4,0.00003482
1739304000000,4,0.00005000
1739318400000,4,0.00002226
1739332800000,4,0.00000536
1739347200000,4,-0.00001361
1739361600001,4,0.00005000
1739376000001,4,0.00005000
1739390400000,4,0.00005000
1739404800001,4,0.00005000
1739419200000,4,0.00005000
1739433600000,4,0.00005000
1739448000000,4,0.00004779
1739462400001,4,0.00005000
1739476800000,4,0.00005000
1739491200000,4,0.00005000
1739505600000,4,0.00005000
1739520000001,4,0.00005000
1739534400000,4,0.00005000
1739548800000,4,0.00005000
1739563200000,4,0.00005000
1739577600000,4,0.00005000
1739592000000,4,0.00005000
1739606400000,4,0.00001597
1739620800000,4,-0.00001335
1739635200000,4,-0.00000752
1739649600001,4,-0.00008786
1739664000000,4,0.00005000
1739678400000,4,0.00005000
1739692800000,4,-0.00000217
1739707200000,4,0.00003564
1739721600000,4,0.00005000
1739736000000,4,0.00005000
1739750400000,4,0.00005000
1739764800001,4,0.00005000
1739779200000,4,0.00005000
1739793600004,4,0.00005000
1739808000000,4,0.00005000
1739822400001,4,0.00005000
1739836800000,4,-0.00008592
1739851200000,4,0.00005000
1739865600000,4,-0.00002034
1739880000000,4,-0.00031814
1739894400000,4,-0.00036802
1739908800000,4,-0.00006692
1739923200000,4,-0.00003496
1739937600000,4,-0.00005444
1739952000000,4,9.2E-7
1739966400000,4,0.00005000
1739980800000,4,-0.00004098
1739995200000,4,0.00004279
1740009600000,4,-0.00012791
1740024000000,4,-0.00002477
1740038400000,4,-0.00018107
1740052800000,4,0.00005000
1740067200000,4,-0.00004253
1740081600000,4,0.00005000
1740096000001,4,-0.00007353
1740110400000,4,-0.00018589
1740124800000,4,0.00004070
1740139200000,4,0.00003063
1740153600000,4,0.00000526
1740168000000,4,-0.00001858
1740182400000,4,-0.00000688
1740196800000,4,-0.00011070
1740211200000,4,-0.00023554
1740225600000,4,-0.00014866
1740240000000,4,-0.00019176
1740254400000,4,0.00005000
1740268800000,4,-0.00003878
1740283200000,4,-0.00022141
1740297600000,4,0.00000629
1740312000000,4,-0.00005817
1740326400000,4,-0.00016557
1740340800000,4,-0.00013277
1740355200000,4,-0.00020154
1740369600000,4,-0.00034151
1740384000000,4,-0.00019013
1740398400001,4,-0.00006995
1740412800000,4,0.00005000
1740427200000,4,0.00005000
1740441600000,4,-0.00006937
1740456000000,4,0.00005000
1740470400000,4,0.00003420
1740484800000,4,0.00005000
1740499200000,4,0.00005000
1740513600000,4,0.00005000
1740528000000,4,0.00005000
1740542400000,4,0.00005000
1740556800000,4,0.00005000
1740571200001,4,0.00005000
1740585600000,4,0.00005000
1740600000000,4,0.00005000
1740614400001,4,0.00005000
1740628800001,4,0.00005000
1740643200000,4,0.00005000
1740657600006,4,0.00005000
1740672000000,4,0.00005000
1740686400001,4,0.00005000
1740700800001,4,0.00005000
1740715200000,4,0.00005000
1740729600000,4,0.00005000
1740744000000,4,0.00005000
1740758400000,4,0.00005000
1740772800000,4,0.00005000
1740787200000,4,0.00005000
1740801600000,4,0.00005000
1740816000000,4,0.00005000
1740830400001,4,0.00005000
1740844800001,4,0.00005000
1740859200000,4,0.00005000
1740873600000,4,0.00005000
1740888000000,4,0.00005000
1740902400000,4,0.00002169
1740916800000,4,0.00005000
1740931200000,4,0.00005000
1740945600000,4,0.00005000
1740960000001,4,0.00005000
1740974400000,4,0.00005000
1740988800000,4,0.00005000
1741003200001,4,0.00005000
1741017600000,4,-0.00002977
1741032000000,4,-0.00006602
1741046400001,4,-0.00005960
1741060800000,4,0.00001916
1741075200005,4,-0.00006246
1741089600000,4,-0.00012509
1741104000000,4,0.00003771
1741118400000,4,-0.00009975
1741132800000,4,0.00003968
1741147200000,4,-0.00014736
1741161600000,4,0.00005000
1741176000000,4,0.00002710
1741190400000,4,0.00005000
1741204800000,4,0.00005000
1741219200000,4,0.00005000
1741233600000,4,0.00002556
1741248000001,4,0.00004045
1741262400001,4,0.00005000
1741276800000,4,0.00005000
1741291200000,4,0.00001551
1741305600000,4,0.00004366
1741320000000,4,0.00005000
1741334400001,4,0.00005000
1741348800000,4,0.00003850
1741363200000,4,0.00005000
1741377600000,4,0.00005000
1741392000000,4,0.00005000
1741406400000,4,0.00005000
1741420800001,4,-0.00005114
1741435200001,4,-0.00010026
1741449600001,4,-0.00013556
1741464000001,4,0.00002038
1741478400001,4,-0.00006839
1741492800000,4,-0.00004448
1741507200000,4,-0.00005284
1741521600000,4,0.00000629
1741536000000,4,-0.00002918
1741550400000,4,-0.00012678
1741564800000,4,-0.00011850
1741579200000,4,-0.00008042
1741593600000,4,0.00003628
1741608000000,4,0.00005000
1741622400000,4,0.00005000
1741636800000,4,0.00002402
1741651200000,4,-0.00007565
1741665600000,4,-3.9E-7
1741680000000,4,0.00002592
1741694400000,4,0.00002229
1741708800001,4,0.00005000
1741723200001,4,0.00003943
1741737600000,4,-0.00002743
1741752000001,4,0.00004738
1741766400000,4,0.00005000
1741780800000,4,0.00005000
1741795200001,4,-0.00006088
1741809600000,4,0.00005000
1741824000000,4,0.00001828
1741838400000,4,-0.00004939
1741852800000,4,-0.00007421
1741867200000,4,0.00005000
1741881600000,4,-0.00001273
1741896000000,4,-0.00017329
1741910400000,4,0.00005000
1741924800000,4,-0.00006995
1741939200000,4,0.00005000
1741953600000,4,0.00005000
1741968000000,4,0.00005000
1741982400000,4,-0.00002468
1741996800000,4,-0.00006653
1742011200000,4,0.00005000
1742025600000,4,0.00005000
1742040000000,4,0.00003773
1742054400000,4,0.00005000
1742068800000,4,-0.00012242
1742083200000,4,-0.00006128
1742097600000,4,0.00000255
1742112000000,4,0.00000145
1742126400000,4,0.00005000
1742140800000,4,-0.00004378
1742155200000,4,-0.00011645
1742169600000,4,-0.00001648
1742184000000,4,0.00005000
1742198400000,4,0.00000773
1742212800000,4,-0.00024309
1742227200000,4,-0.00006389
1742241600000,4,-0.00016656
1742256000000,4,-0.00003427
1742270400000,4,-0.00013799
1742284800000,4,0.00004494
1742299200001,4,-0.00006498
1742313600000,4,-0.00011601
1742328000000,4,0.00000183
1742342400000,4,-0.00001806
1742356800000,4,0.00000220
1742371200000,4,-0.00021085
1742385600000,4,-0.00002125
1742400000000,4,-0.00011604
1742414400000,4,-0.00001129
1742428800000,4,-0.00041703
1742443200000,4,-0.00007467
1742457600000,4,-0.00012759
1742472000000,4,-0.00012041
1742486400000,4,0.00001801
1742500800000,4,-0.00003175
1742515200000,4,-0.00007129
1742529600000,4,-0.00008618
1742544000000,4,0.00005000
1742558400000,4,-0.00001980
1742572800000,4,0.00001209
1742587200000,4,0.00002392
1742601600000,4,-0.00001475
1742616000001,4,-0.00005439
1742630400004,4,-0.00009006
1742644800013,4,-0.00019381
1742659200000,4,-0.00005192
1742673600001,4,-0.00004736
1742688000000,4,-0.00017489
1742702400000,4,0.00005000
1742716800000,4,0.00005000
1742731200000,4,-0.00012951
1742745600000,4,0.00005000
1742760000000,4,0.00005000
1742774400000,4,-0.00000248
1742788800000,4,-0.00010666
1742803200000,4,-0.00019611
1742817600000,4,0.00005000
1742832000000,4,0.00000797
1742846400004,4,0.00005000
1742860800001,4,0.00000449
1742875200000,4,-0.00033973
1742889600000,4,-0.00021161
1742904000000,4,0.00005000
1742918400000,4,-0.00002423
1742932800000,4,-0.00021514
1742947200000,4,-0.00050379
1742961600001,4,-0.00028772
1742976000000,4,0.00001652
1742990400000,4,0.00001085
1743004800001,4,0.00001569
1743019200000,4,0.00005000
1743033600001,4,0.00001893
1743048000000,4,-0.00074876
1743062400001,4,-0.00023561
1743076800000,4,-0.00008730
1743091200002,4,-0.00006889
1743105600000,4,0.00005000
1743120000001,4,0.00005000
1743134400000,4,0.00005000
1743148800001,4,-0.00003522
1743163200000,4,0.00003297
1743177600000,4,-0.00008350
1743192000000,4,0.00003140
1743206400000,4,-0.00000867
1743220800001,4,0.00005000
1743235200000,4,-0.00005754
1743249600000,4,0.00005000
1743264000000,4,-0.00001412
1743278400000,4,-0.00002929
1743292800000,4,0.00005000
1743307200000,4,-0.00003302
1743321600000,4,-0.00003091
1743336000000,4,-0.00007969
1743350400000,4,0.00005000
1743364800000,4,0.00005000
1743379200000,4,0.00005000
1743393600000,4,0.00005000
1743408000000,4,0.00005000
1743422400000,4,0.00005000
1743436800000,4,0.00005000
1743451200000,4,0.00005000
1743465600000,4,0.00005000
1743480000001,4,0.00005000
1743494400001,4,0.00004713
1743508800000,4,-0.00003144
1743523200000,4,0.00005000
1743537600003,4,-0.00002706
1743552000001,4,6E-8
1743566400001,4,0.00005000
1743580800000,4,-0.00006973
1743595200002,4,-0.00005256
1743609600000,4,0.00005000
1743624000000,4,0.00005000
1743638400000,4,0.00005000
1743652800000,4,0.00005000
1743667200000,4,0.00005000
1743681600000,4,-0.00006205
1743696000000,4,0.00005000
1743710400000,4,0.00005000
1743724800000,4,0.00005000
1743739200000,4,0.00005000
1743753600000,4,0.00005000
1743768000000,4,-0.00010188
1743782400000,4,-0.00005222
1743796800001,4,0.00005000
1743811200000,4,0.00005000
1743825600000,4,0.00005000
1743840000000,4,0.00005000
1743854400000,4,0.00005000
1743868800000,4,-0.00012940
1743883200000,4,0.00000372
1743897600000,4,0.00005000
1743912000000,4,0.00005000
1743926400000,4,0.00005000
1743940800001,4,0.00005000
1743955200002,4,-0.00003201
1743969600001,4,-0.00023494
1743984000000,4,-0.00005360
1743998400000,4,-0.00009861
1744012800000,4,0.00000132
1744027200000,4,0.00001212
1744041600000,4,-0.00001322
1744056000000,4,-0.00003556
1744070400000,4,-0.00003290
1744084800000,4,0.00000343
1744099200000,4,-0.00010782
1744113600000,4,-0.00011348
1744128000000,4,0.00002868
1744142400000,4,-0.00009724
1744156800000,4,0.00005000
1744171200000,4,0.00005000
1744185600001,4,-0.00000812
1744200000000,4,0.00005000
1744214400000,4,0.00005000
1744228800000,4,0.00005000
1744243200000,4,0.00005000
1744257600000,4,0.00005000
1744272000000,4,0.00005000
1744286400000,4,-0.00012995
1744300800000,4,-0.00010377
1744315200000,4,-0.00010340
1744329600001,4,0.00004840
1744344000001,4,-0.00006076
1744358400000,4,0.00003952
1744372800000,4,-0.00014822
1744387200000,4,0.00003423
1744401600001,4,-0.00002713
1744416000000,4,0.00005000
1744430400000,4,-0.00013881
1744444800001,4,-0.00007084
1744459200001,4,-0.00009281
1744473600000,4,-0.00000801
1744488000000,4,0.00001656
1744502400000,4,-0.00015936
1744516800000,4,0.00003172
1744531200000,4,0.00005000
1744545600000,4,0E-8
1744560000000,4,-0.00028228
1744574400000,4,-0.00009050
1744588800000,4,0.00005000
1744603200000,4,-0.00000960
1744617600000,4,-0.00006204
1744632000002,4,0.00005000
1744646400000,4,-0.00026435
1744660800000,4,-0.00017282
1744675200000,4,0.00000396
1744689600001,4,0.00005000
1744704000000,4,0.00005000
1744718400000,4,0.00002861
1744732800001,4,0.00005000
1744747200000,4,0.00005000
1744761600000,4,0.00005000
1744776000000,4,-0.00014406
1744790400000,4,0.00001812
1744804800000,4,0.00004725
1744819200000,4,0.00005000
1744833600000,4,0.00005000
1744848000001,4,-0.00014045
1744862400000,4,-0.00025952
1744876800000,4,0.00005000
1744891200000,4,-0.00000597
1744905600001,4,0.00005000
1744920000001,4,0.00005000
1744934400000,4,0.00005000
1744948800000,4,0.00005000
1744963200000,4,-0.00024578
1744977600000,4,0.00005000
1744992000000,4,0.00005000
1745006400000,4,-0.00016987
1745020800000,4,-8.8E-7
1745035200000,4,-0.00010606
1745049600000,4,-0.00011469
1745064000000,4,-0.00030150
1745078400000,4,-0.00033997
1745092800000,4,-0.00027547
1745107200000,4,-0.00020184
1745121600000,4,0.00005000
1745136000000,4,-0.00010521
1745150400001,4,-0.00001659
1745164800000,4,-0.00005844
1745179200000,4,0.00005000
1745193600000,4,0.00000327
1745208000000,4,-0.00000666
1745222400005,4,0.00005000
1745236800002,4,0.00005000
1745251200003,4,-0.00004787
1745265600006,4,0.00005000
1745280000008,4,-0.00001932
1745294400000,4,0.00005000
1745308800000,4,0.00005000
1745323200001,4,0.00005000
1745337600000,4,-0.00127801
1745352000004,4,-0.00061259
1745366400000,4,-0.00033100
1745380800000,4,-0.00184734
1745395200002,4,-0.00307207
1745409600005,4,-0.00309233
1745424000000,4,-0.00495671
1745438400001,4,-0.00138782
1745452800000,4,-0.00064256
1745467200003,4,-0.00221567
1745481600001,4,-0.00127857
1745496000001,4,-0.00076850
1745510400001,4,-0.00088590
1745524800006,4,-0.00039616
1745539200007,4,-0.00044540
1745553600001,4,-0.00050564
1745568000002,4,-0.00052254
1745582400000,4,-0.00016369
1745596800003,4,-0.00023679
1745611200001,4,-0.00005975
1745625600002,4,0.00005000
1745640000001,4,-0.00017177
1745654400000,4,-0.00007386
1745668800000,4,-0.00015163
1745683200002,4,0.00005000
1745697600000,4,0.00005000
1745712000001,4,0.00005000
1745726400001,4,0.00005000
1745740800000,4,0.00005000
1745755200000,4,0.00003788
1745769600000,4,0.00001337
1745784000003,4,0.00005000
1745798400001,4,-0.00000402
1745812800001,4,0.00005000
1745827200003,4,0.00005000
1745841600000,4,0.00005000
1745856000005,4,0.00003347
1745870400002,4,0.00005000
1745884800000,4,-0.00002706
1745899200000,4,0.00005000
1745913600000,4,0.00005000
1745928000001,4,0.00005000
1745942400010,4,-0.00002358
1745956800002,4,-0.00000987
1745971200001,4,-0.00005528
1745985600001,4,0.00005000
1746000000000,4,0.00005000
1746014400001,4,0.00005000
1746028800003,4,0.00005000
1746043200002,4,0.00005000
1746057600000,4,0.00005000
1746072000008,4,0.00005000
1746086400000,4,0.00005000
1746100800001,4,0.00005000
1746115200001,4,0.00005000
1746129600000,4,0.00005000
1746144000000,4,0.00005000
1746158400000,4,-0.00027204
1746172800000,4,0.00000785
1746187200005,4,-0.00022824
1746201600003,4,-0.00002771
1746216000003,4,-0.00008894
1746230400000,4,-0.00045316
1746244800001,4,-0.00010021
1746259200000,4,-0.00002703
1746273600006,4,-0.00009904
1746288000000,4,-0.00034937
1746302400000,4,-0.00008361
1746316800001,4,-0.00017863
1746331200004,4,-0.00009280
1746345600001,4,-0.00006443
1746360000006,4,0.00001008
1746374400002,4,-0.00016020
1746388800000,4,-0.00013812
1746403200000,4,-0.00008714
1746417600000,4,0.00005000
1746432000000,4,-0.00025739
1746446400000,4,0.00005000
1746460800006,4,-0.00002820
1746475200000,4,-0.00009630
1746489600002,4,-0.00007500
1746504000000,4,0.00004907
1746518400005,4,0.00001641
1746532800000,4,0.00005000
1746547200000,4,0.00002533
1746561600000,4,0.00005000
1746576000002,4,0.00003735
1746590400004,4,3.6E-7
1746604800000,4,0.00001148
1746619200000,4,0.00000304
1746633600006,4,-0.00004855
1746648000000,4,-0.00009909
1746662400000,4,-0.00012372
1746676800005,4,-0.00015828
1746691200001,4,-0.00003480
1746705600000,4,0.00005000
1746720000002,4,-0.00003657
1746734400006,4,0.00005000
1746748800001,4,0.00005000
1746763200000,4,0.00002848
1746777600006,4,0.00005000
1746792000000,4,0.00005000
1746806400000,4,0.00005000
1746820800000,4,0.00005000
1746835200001,4,0.00005000
1746849600003,4,-0.00000241
1746864000000,4,0.00005000
1746878400000,4,0.00005000
1746892800001,4,0.00005000
1746907200000,4,0.00001845
1746921600000,4,0.00005000
1746936000000,4,0.00005000
1746950400001,4,0.00005000
1746964800001,4,0.00005000
1746979200001,4,0.00005000
1746993600000,4,0.00005000
1747008000004,4,0.00005000
1747022400003,4,0.00005000
1747036800000,4,0.00005000
1747051200000,4,0.00005000
1747065600000,4,0.00005000
1747080000004,4,0.00005000
1747094400000,4,0.00005000
1747108800000,4,0.00005000
1747123200008,4,0.00005000
1747137600000,4,0.00005000
1747152000001,4,0.00005000
1747166400006,4,0.00005000
1747180800007,4,0.00005000
1747195200000,4,0.00005000
1747209600000,4,0.00005000
1747224000000,4,0.00005000
1747238400002,4,0.00005000
1747252800007,4,0.00005000
1747267200000,4,0.00005000
1747281600000,4,0.00005000
1747296000003,4,0.00005000
1747310400000,4,0.00005000
1747324800000,4,0.00005000
1747339200001,4,0.00005000
1747353600001,4,0.00001294
1747368000001,4,0.00004544
1747382400000,4,0.00001234
1747396800006,4,0.00002961
1747411200000,4,0.00002335
1747425600002,4,0.00005000
1747440000000,4,0.00005000
1747454400000,4,-0.00002451
1747468800001,4,-0.00009715
1747483200002,4,0.00003286
1747497600004,4,0.00005000
1747512000003,4,-0.00017362
1747526400000,4,-0.00012664
1747540800003,4,-0.00010029
1747555200000,4,-0.00009398
1747569600010,4,-0.00004900
1747584000000,4,0.00005000
1747598400001,4,0.00005000
1747612800000,4,0.00005000
1747627200004,4,0.00002432
1747641600006,4,0.00001794
1747656000000,4,0.00005000
1747670400010,4,0.00000806
1747684800000,4,0.00005000
1747699200000,4,0.00005000
1747713600000,4,0.00005000
1747728000002,4,0.00005000
1747742400003,4,0.00002289
1747756800000,4,-0.00003515
1747771200000,4,0.00003909
1747785600000,4,0.00005000
1747800000000,4,0.00005000
1747814400001,4,0.00005000
1747828800007,4,0.00005000
1747843200004,4,-0.00004100
1747857600001,4,-0.00000313
1747872000001,4,0.00004452
1747886400000,4,0.00000773
1747900800000,4,0.00005000
1747915200000,4,-0.00007438
1747929600002,4,0.00005000
1747944000001,4,0.00005000
1747958400006,4,0.00005000
1747972800000,4,0.00005000
1747987200000,4,0.00005000
1748001600003,4,0.00005000
1748016000007,4,0.00005000
1748030400006,4,0.00005000
1748044800010,4,0.00005000
1748059200000,4,0.00003444
1748073600000,4,0.00005000
1748088000007,4,0.00005000
1748102400003,4,0.00004671
1748116800000,4,-0.00001048
1748131200004,4,0.00005000
1748145600001,4,0.00005000
1748160000000,4,-0.00014035
1748174400000,4,0.00005000
1748188800000,4,-0.00012721
1748203200010,4,0.00005000
1748217600000,4,0.00005000
1748232000000,4,-0.00007544
1748246400000,4,0.00005000
1748260800000,4,0.00005000
1748275200002,4,0.00005000
1748289600000,4,0.00000977
1748304000003,4,0.00003907
1748318400000,4,0.00005000
1748332800001,4,0.00005000
1748347200005,4,0.00005000
1748361600005,4,0.00005000
1748376000005,4,0.00005000
1748390400002,4,0.00005000
1748404800010,4,0.00005000
1748419200003,4,0.00005000
1748433600000,4,0.00005000
1748448000002,4,0.00005000
1748462400000,4,0.00005000
1748476800000,4,0.00005000
1748491200000,4,0.00005000
1748505600006,4,0.00005000
1748520000001,4,0.00005000
1748534400000,4,-0.00000605
1748548800010,4,0.00005000
1748563200003,4,-0.00010292
1748577600000,4,-0.00014426
1748592000003,4,-0.00006573
1748606400006,4,0.00005000
1748620800000,4,0.00003847
1748635200005,4,0.00005000
1748649600000,4,1.3E-7
1748664000004,4,-0.00000591
1748678400000,4,-0.00003517
1748692800000,4,-0.00011977
1748707200000,4,-0.00008025
1748721600004,4,0.00001380
1748736000001,4,-0.00019689
1748750400001,4,-0.00003443
1748764800002,4,-0.00001626
1748779200008,4,0.00005000
1748793600000,4,-0.00006141
1748808000003,4,-0.00001094
1748822400001,4,0.00001960
1748836800004,4,-0.00005414
1748851200000,4,0.00005000
1748865600002,4,0.00005000
1748880000000,4,0.00004679
1748894400002,4,0.00000798
1748908800000,4,-0.00002575
1748923200001,4,-0.00007190
1748937600000,4,-0.00003358
1748952000000,4,-0.00002939
1748966400001,4,0.00002265
1748980800000,4,-0.00002263
1748995200000,4,0.00003371
1749009600001,4,0.00002654
1749024000000,4,0.00005000
1749038400000,4,0.00005000
1749052800000,4,0.00005000
1749067200001,4,-0.00000138
1749081600016,4,-0.00001766
1749096000001,4,0.00005000
1749110400000,4,-0.00000368
1749124800003,4,0.00005000
1749139200000,4,0.00005000
1749153600002,4,0.00005000
1749168000002,4,0.00005000
1749182400000,4,0.00005000
1749196800000,4,-0.00006407
1749211200002,4,-0.00005589
1749225600006,4,0.00005000
1749240000000,4,0.00005000
1749254400000,4,0.00005000
1749268800000,4,0.00005000
1749283200000,4,0.00005000
1749297600000,4,0.00005000
1749312000002,4,0.00001063
1749326400002,4,0.00005000
1749340800000,4,0.00005000
1749355200000,4,0.00005000
1749369600000,4,0.00005000
1749384000020,4,0.00005000
1749398400000,4,-0.00002169
1749412800001,4,0.00005000
1749427200000,4,0.00005000
1749441600003,4,-0.00010299
1749456000001,4,0.00005000
1749470400000,4,-0.00003518
1749484800001,4,0.00005000
1749499200012,4,0.00005000
1749513600000,4,0.00005000
1749528000000,4,-0.00005527
1749542400001,4,0.00005000
1749556800005,4,0.00005000
1749571200003,4,0.00005000
1749585600010,4,0.00005000
1749600000000,4,0.00005000
1749614400006,4,0.00005000
1749628800000,4,0.00005000
1749643200007,4,0.00005000
1749657600010,4,0.00005000
1749672000012,4,0.00005000
1749686400002,4,0.00005000
1749700800000,4,9.9E-7
1749715200003,4,-0.00023701
1749729600001,4,-0.00004319
1749744000001,4,-0.00020519
1749758400003,4,-0.00001128
1749772800000,4,-0.00008525
1749787200002,4,0.00005000
1749801600001,4,-0.00011639
1749816000000,4,-0.00008874
1749830400004,4,-0.00006755
1749844800001,4,0.00004497
1749859200000,4,0.00001109
1749873600000,4,-0.00000509
1749888000000,4,-0.00001571
1749902400007,4,-0.00003768
1749916800000,4,0.00002532
1749931200005,4,-0.00001636
1749945600005,4,0.00005000
1749960000004,4,0.00005000
1749974400009,4,0.00005000
1749988800000,4,0.00005000
1750003200000,4,0.00005000
1750017600000,4,0.00005000
1750032000000,4,0.00005000
1750046400009,4,0.00005000
1750060800000,4,0.00005000
1750075200000,4,0.00005000
1750089600003,4,0.00005000
1750104000000,4,0.00005000
1750118400000,4,0.00005000
1750132800000,4,0.00005000
1750147200006,4,0.00004231
1750161600001,4,0.00005000
1750176000001,4,-0.00009205
1750190400000,4,0.00005000
1750204800001,4,0.00005000
1750219200001,4,0.00003563
1750233600001,4,0.00005000
1750248000003,4,0.00005000
1750262400001,4,0.00003192
1750276800000,4,0.00005000
1750291200005,4,0.00005000
1750305600005,4,0.00005000
1750320000003,4,0.00005000
1750334400000,4,0.00005000
1750348800000,4,0.00005000
1750363200000,4,-0.00008004
1750377600000,4,0.00005000
1750392000017,4,0.00000609
1750406400002,4,0.00005000
1750420800002,4,0.00001757
1750435200001,4,-0.00007324
1750449600000,4,-0.00008385
1750464000002,4,-0.00004480
1750478400003,4,0.00005000
1750492800005,4,-0.00004992
1750507200000,4,-0.00004471
1750521600000,4,-0.00011163
1750536000002,4,-0.00001134
1750550400005,4,-0.00003802
1750564800000,4,-0.00014501
1750579200000,4,0.00000600
1750593600003,4,0.00003252
1750608000003,4,-0.00002596
1750622400005,4,-0.00001828
1750636800000,4,-0.00010552
1750651200007,4,-0.00009087
1750665600004,4,-0.00014405
1750680000001,4,-0.00008800
1750694400013,4,-0.00020929
1750708800000,4,0.00005000
1750723200003,4,0.00000872
1750737600001,4,0.00005000
1750752000000,4,0.00005000
1750766400001,4,0.00005000
1750780800000,4,0.00005000
1750795200000,4,0.00005000
1750809600005,4,0.00000383
1750824000000,4,0.00001427
1750838400000,4,0.00005000
1750852800003,4,0.00005000
1750867200005,4,0.00005000
1750881600002,4,0.00000252
1750896000000,4,0.00005000
1750910400000,4,-0.00019568
1750924800006,4,0.00005000
1750939200005,4,-0.00019911
1750953600007,4,0.00003753
1750968000000,4,0.00005000
1750982400000,4,-0.00003526
1750996800001,4,0.00005000
1751011200000,4,-0.00037670
1751025600003,4,0.00002400
1751040000009,4,0.00004291
1751054400002,4,-0.00006829
1751068800001,4,0.00005000
1751083200000,4,0.00000913
1751097600002,4,0.00005000
1751112000000,4,0.00005000
1751126400000,4,0.00005000
1751140800007,4,-0.00004581
1751155200004,4,-0.00001025
1751169600003,4,-0.00013062
1751184000001,4,0.00005000
1751198400003,4,-0.00006336
1751212800001,4,-0.00006863
1751227200003,4,0.00005000
1751241600000,4,0.00005000
1751256000003,4,-0.00022371
1751270400005,4,0.00005000
1751284800000,4,-0.00018669
1751299200002,4,-0.00008094
1751313600000,4,0.00003650
1751328000007,4,-0.00018059
1751342400000,4,-0.00015496
1751356800002,4,-0.00005206
1751371200000,4,-0.00028499
1751385600000,4,-0.00019035
1751400000000,4,-0.00037561
1751414400001,4,0.00003146
1751428800001,4,-0.00023799
1751443200000,4,0.00005000
1751457600001,4,0.00005000
1751472000003,4,0.00005000
1751486400000,4,0.00005000
1751500800006,4,0.00005000
1751515200002,4,0.00005000
1751529600003,4,0.00005000
1751544000001,4,-0.00003737
1751558400003,4,0.00005000
1751572800000,4,0.00005000
1751587200005,4,0.00005000
1751601600002,4,-0.00019396
1751616000003,4,0.00005000
1751630400000,4,0.00005000
1751644800001,4,0.00005000
1751659200000,4,0.00002723
1751673600004,4,0.00001804
1751688000005,4,-0.00009303
1751702400009,4,0.00005000
1751716800000,4,0.00005000
1751731200006,4,-0.00000379
1751745600000,4,0.00005000
1751760000001,4,0.00005000
1751774400000,4,0.00005000
1751788800002,4,0.00005000
1751803200001,4,0.00005000
1751817600004,4,0.00005000
1751832000006,4,0.00005000
1751846400000,4,0.00005000
1751860800000,4,0.00005000
1751875200007,4,-0.00003666
1751889600000,4,0.00005000
1751904000000,4,0.00005000
1751918400013,4,0.00005000
1751932800010,4,-0.00005302
1751947200000,4,0.00004416
1751961600003,4,-0.00004350
1751976000004,4,0.00005000
1751990400000,4,0.00005000
1752004800002,4,0.00005000
1752019200002,4,-0.00039339
1752033600010,4,0.00005000
1752048000006,4,0.00005000
1752062400000,4,0.00002644
1752076800001,4,0.00005000
1752091200007,4,0.00005000
1752105600003,4,0.00005000
1752120000001,4,0.00005000
1752134400000,4,0.00005000
1752148800001,4,0.00005000
1752163200004,4,0.00005000
1752177600000,4,0.00005000
1752192000004,4,0.00005000
1752206400001,4,0.00005000
1752220800007,4,0.00005000
1752235200000,4,0.00005000
1752249600001,4,0.00005000
1752264000006,4,0.00005000
1752278400000,4,0.00005000
1752292800005,4,0.00005000
1752307200001,4,0.00005000
1752321600007,4,0.00005000
1752336000002,4,0.00005000
1752350400003,4,0.00005000
1752364800006,4,0.00005000
1752379200001,4,0.00005000
1752393600001,4,-0.00021805
1752408000003,4,-0.00005177
1752422400003,4,0.00002331
1752436800008,4,-0.00005769
1752451200000,4,-0.00001332
1752465600000,4,0.00005000
1752480000000,4,0.00005000
1752494400001,4,0.00005000
1752508800000,4,0.00005000
1752523200003,4,-0.00002952
1752537600002,4,0.00005000
1752552000008,4,0.00005000
1752566400000,4,0.00005000
1752580800000,4,-0.00010589
1752595200000,4,0.00005000
1752609600005,4,0.00005000
1752624000000,4,0.00005000
1752638400000,4,0.00005000
1752652800000,4,0.00005000
1752667200005,4,0.00005000
1752681600008,4,0.00005000
1752696000000,4,0.00005000
1752710400003,4,0.00005000
1752724800000,4,0.00005000
1752739200000,4,0.00005000
1752753600000,4,0.00005000
1752768000000,4,0.00005000
1752782400000,4,0.00005000
1752796800004,4,0.00005000
1752811200000,4,0.00005000
1752825600000,4,0.00005000
1752840000000,4,0.00005000
1752854400000,4,0.00005000
1752868800010,4,0.00005000
1752883200009,4,0.00005000
1752897600000,4,0.00005000
1752912000000,4,-0.00002066
1752926400000,4,0.00003312
1752940800002,4,7.5E-7
1752955200002,4,-0.00034278
1752969600000,4,-0.00001751
1752984000007,4,0.00005000
1752998400000,4,0.00005000
1753012800003,4,0.00005000
1753027200000,4,0.00005000
1753041600013,4,0.00005000
1753056000001,4,0.00005000
1753070400001,4,0.00005000
1753084800000,4,0.00005000
1753099200001,4,0.00005000
1753113600001,4,0.00005000
1753128000003,4,0.00005000
1753142400000,4,0.00005000
1753156800001,4,0.00005000
1753171200010,4,0.00005000
1753185600001,4,0.00005000
1753200000007,4,0.00005000
1753214400001,4,0.00005000
1753228800000,4,0.00005000
1753243200010,4,0.00005000
1753257600004,4,0.00005000
1753272000002,4,0.00005000
1753286400002,4,0.00005000
1753300800005,4,0.00005000
1753315200000,4,0.00005000
1753329600001,4,0.00005000
1753344000001,4,0.00005000
1753358400000,4,0.00005000
1753372800000,4,0.00005000
1753387200001,4,0.00005000
1753401600000,4,0.00005000
1753416000001,4,0.00005000
1753430400000,4,0.00000759
1753444800000,4,-0.00007696
1753459200000,4,0.00001367
1753473600000,4,0.00005000
1753488000001,4,0.00005000
1753502400001,4,0.00005000
1753516800005,4,0.00005000
1753531200004,4,2.5E-7
1753545600001,4,0.00005000
1753560000000,4,0.00005000
1753574400001,4,0.00005000
1753588800000,4,-0.00083837
1753603200000,4,-0.00049348
1753617600000,4,-0.00024536
1753632000008,4,-0.00001541
1753646400002,4,-0.00016370
1753660800005,4,0.00000366
1753675200001,4,0.00005000
1753689600000,4,0.00005000
1753704000000,4,-0.00003204
1753718400000,4,0.00005000
1753732800005,4,0.00004480
1753747200001,4,0.00005000
1753761600001,4,-0.00012387
1753776000000,4,0.00003695
1753790400001,4,-0.00012994
1753804800000,4,0.00005000
1753819200000,4,-0.00013808
1753833600011,4,0.00005000
1753848000000,4,0.00005000
1753862400000,4,0.00005000
1753876800003,4,-0.00013969
1753891200008,4,-0.00005626
1753905600000,4,0.00005000
1753920000000,4,0.00005000
1753934400010,4,0.00005000
1753948800009,4,-0.00002803
1753963200003,4,0.00005000
1753977600000,4,0.00005000
1753992000000,4,-0.00005042
1754006400001,4,-0.00003087
1754020800000,4,0.00005000
1754035200003,4,-0.00000640
1754049600001,4,0.00005000
1754064000000,4,-0.00000234
1754078400004,4,0.00005000
1754092800004,4,0.00005000
1754107200000,4,0.00005000
1754121600000,4,0.00005000
1754136000005,4,0.00005000
1754150400000,4,0.00005000
1754164800001,4,-0.00013812
1754179200000,4,0.00005000
1754193600000,4,0.00005000
1754208000000,4,0.00005000
1754222400001,4,-0.00012833
1754236800003,4,0.00005000
1754251200002,4,-0.00031292
1754265600004,4,0.00005000
1754280000000,4,0.00005000
1754294400000,4,0.00004884
1754308800006,4,0.00005000
1754323200002,4,0.00005000
1754337600007,4,-0.00007138
1754352000000,4,-0.00006563
1754366400000,4,0.00005000
1754380800000,4,-0.00010626
1754395200004,4,9.4E-7
1754409600000,4,0.00005000
1754424000003,4,-0.00009495
1754438400005,4,0.00005000
1754452800000,4,-0.00017506
1754467200000,4,-0.00000151
1754481600000,4,0.00005000
1754496000000,4,0.00005000
1754510400000,4,0.00004055
1754524800003,4,0.00003978
1754539200004,4,-0.00036886
1754553600002,4,-0.00017330
1754568000001,4,0.00005000
1754582400002,4,0.00005000
1754596800001,4,0.00005000
1754611200002,4,0.00005000
1754625600010,4,0.00005000
1754640000004,4,-0.00014495
1754654400003,4,0.00005000
1754668800000,4,0.00002476
1754683200004,4,0.00005000
1754697600005,4,0.00005000
1754712000015,4,0.00005000
1754726400000,4,0.00005000
1754740800003,4,0.00005000
1754755200007,4,0.00005000
1754769600000,4,0.00005000
1754784000003,4,0.00005000
1754798400006,4,0.00005000
1754812800005,4,0.00005000
1754827200006,4,0.00005000
1754841600002,4,0.00005000
1754856000000,4,-0.00007312
1754870400000,4,0.00005000
1754884800000,4,0.00000689
1754899200000,4,-0.00010002
1754913600000,4,0.00005000
1754928000000,4,0.00000934
1754942400000,4,0.00005000
1754956800000,4,-0.00012412
1754971200001,4,-0.00006376
1754985600001,4,-0.00008362
1755000000000,4,0.00005000
1755014400005,4,-0.00001508
1755028800000,4,0.00005000
1755043200000,4,0.00001548
1755057600000,4,0.00005000
1755072000002,4,0.00005000
1755086400000,4,0.00005000
1755100800006,4,0.00005000
1755115200001,4,0.00005000
1755129600002,4,0.00005000
1755144000009,4,0.00005000
1755158400003,4,0.00005000
1755172800001,4,0.00005000
1755187200000,4,0.00005000
1755201600002,4,0.00005000
1755216000000,4,-0.00014530
1755230400000,4,0.00002622
1755244800000,4,0.00005000
1755259200001,4,-0.00008019
1755273600000,4,0.00005000
1755288000007,4,0.00004135
1755302400004,4,-0.00010862
1755316800000,4,0.00005000
1755331200000,4,0.00005000
1755345600004,4,0.00005000
1755360000002,4,0.00005000
1755374400006,4,0.00005000
1755388800000,4,0.00005000
1755403200000,4,0.00005000
1755417600001,4,-0.00013781
1755432000002,4,-0.00011703
1755446400007,4,0.00005000
1755460800001,4,0.00005000
1755475200000,4,0.00005000
1755489600010,4,0.00005000
1755504000001,4,0.00005000
1755518400002,4,-0.00000978
1755532800002,4,-0.00009438
1755547200007,4,0.00005000
1755561600000,4,0.00000184
1755576000000,4,0.00005000
1755590400001,4,-0.00002179
1755604800001,4,-0.00012181
1755619200000,4,0.00000879
1755633600000,4,-0.00007571
1755648000000,4,-0.00000462
1755662400000,4,0.00005000
1755676800000,4,-0.00001899
1755691200002,4,0.00003301
1755705600000,4,0.00005000
1755720000001,4,0.00005000
1755734400006,4,-2.5E-7
1755748800003,4,0.00002566
1755763200000,4,0.00005000
1755777600009,4,0.00005000
1755792000003,4,0.00001164
1755806400000,4,-0.00012262
1755820800010,4,-0.00000372
1755835200003,4,-0.00011734
1755849600007,4,0.00002215
1755864000001,4,-0.00010217
1755878400001,4,0.00005000
1755892800004,4,0.00005000
1755907200004,4,0.00005000
1755921600000,4,0.00005000
1755936000006,4,0.00005000
1755950400000,4,0.00005000
1755964800000,4,0.00005000
1755979200005,4,0.00005000
1755993600001,4,0.00005000
1756008000000,4,0.00005000
1756022400002,4,0.00005000
1756036800003,4,0.00005000
1756051200001,4,0.00005000
1756065600008,4,0.00005000
1756080000000,4,0.00005000
1756094400001,4,0.00005000
1756108800002,4,0.00005000
1756123200000,4,0.00002989
1756137600002,4,-0.00004543
1756152000003,4,0.00004457
1756166400000,4,0.00000300
1756180800007,4,-0.00000591
1756195200000,4,0.00005000
1756209600001,4,0.00002267
1756224000000,4,0.00005000
1756238400000,4,0.00000169
1756252800003,4,-0.00004573
1756267200000,4,0.00005000
1756281600000,4,-0.00026310
1756296000003,4,0.00005000
1756310400009,4,0.00005000
1756324800001,4,0.00005000
1756339200000,4,-0.00011717
1756353600000,4,0.00005000
1756368000005,4,-0.00012200
1756382400000,4,0.00005000
1756396800004,4,0.00005000
1756411200003,4,0.00005000
1756425600000,4,0.00005000
1756440000008,4,0.00005000
1756454400000,4,-0.00039661
1756468800010,4,0.00002947
1756483200005,4,0.00001384
1756497600000,4,-0.00011107
1756512000000,4,-0.00001525
1756526400000,4,-0.00007629
1756540800002,4,-0.00012898
1756555200006,4,0.00004915
1756569600003,4,0.00005000
1756584000000,4,-0.00002121
1756598400016,4,0.00005000
1756612800000,4,0.00005000
1756627200000,4,0.00005000
1756641600003,4,0.00005000
1756656000001,4,0.00002820
1756670400000,4,0.00005000
1756684800000,4,0.00005000
1756699200005,4,-0.00022855
1756713600000,4,0.00005000
1756728000014,4,0.00005000
1756742400001,4,0.00005000
1756756800008,4,0.00005000
1756771200000,4,-0.00022221
1756785600009,4,0.00005000
1756800000005,4,0.00004256
1756814400003,4,0.00005000
1756828800007,4,0.00005000
1756843200001,4,-0.00036686
1756857600006,4,0.00004991
1756872000003,4,0.00005000
1756886400002,4,0.00005000
1756900800000,4,0.00005000
1756915200002,4,0.00005000
1756929600006,4,0.00005000
1756944000002,4,0.00005000
1756958400000,4,-0.00005373
1756972800000,4,0.00004682
1756987200002,4,-0.00001585
1757001600000,4,0.00005000
1757016000000,4,-0.00019177
1757030400001,4,-0.00007952
1757044800000,4,0.00005000
1757059200006,4,0.00005000
1757073600001,4,0.00005000
1757088000000,4,0.00005000
1757102400000,4,0.00005000
1757116800000,4,0.00005000
1757131200000,4,0.00005000
1757145600005,4,0.00005000
1757160000000,4,0.00005000
1757174400000,4,0.00005000
1757188800001,4,0.00005000
1757203200000,4,0.00005000
1757217600008,4,0.00005000
1757232000000,4,0.00000144
1757246400000,4,0.00005000
1757260800000,4,0.00005000
1757275200003,4,-0.00003096
1757289600007,4,0.00005000
1757304000008,4,0.00005000
1757318400000,4,0.00005000
1757332800005,4,0.00005000
1757347200000,4,0.00005000
1757361600001,4,0.00004526
1757376000000,4,0.00005000
1757390400000,4,0.00005000
1757404800000,4,0.00005000
1757419200004,4,0.00005000
1757433600000,4,0.00005000
1757448000000,4,0.00005000
1757462400000,4,0.00005000
1757476800001,4,0.00005000
1757491200002,4,0.00005000
1757505600004,4,0.00005000
1757520000000,4,0.00004050
1757534400007,4,-0.00003594
1757548800000,4,0.00005000
1757563200003,4,0.00004703
1757577600000,4,0.00005000
1757592000005,4,0.00005000
1757606400001,4,0.00005000
1757620800001,4,0.00005000
1757635200002,4,0.00004813
1757649600004,4,0.00005000
1757664000001,4,0.00005000
1757678400001,4,0.00001239
1757692800005,4,0.00005000
1757707200000,4,0.00005000
1757721600005,4,0.00005000
1757736000002,4,0.00005000
1757750400002,4,0.00005000
1757764800005,4,0.00005000
1757779200000,4,0.00005000
1757793600001,4,0.00005000
1757808000006,4,0.00005000
1757822400001,4,0.00005000
1757836800000,4,0.00005000
1757851200004,4,0.00005000
1757865600001,4,0.00005000
1757880000000,4,0.00005000
1757894400006,4,0.00005000
1757908800000,4,0.00005000
1757923200002,4,-0.00002574
1757937600003,4,0.00005000
1757952000001,4,0.00005000
1757966400001,4,0.00005000
1757980800001,4,-0.00007503
1757995200000,4,0.00005000
1758009600000,4,-0.00023269
1758024000002,4,-0.00059364
1758038400000,4,-0.00004334
1758052800004,4,-0.00030920
1758067200001,4,-0.00035467
1758081600004,4,-0.00075700
1758096000000,4,-0.00071759
1758110400000,4,-0.00012168
1758124800003,4,-0.00039674
1758139200000,4,-0.00032071
1758153600006,4,-0.00038994
1758168000001,4,-0.00018510
1758182400002,4,-0.00031623
1758196800000,4,-0.00006411
1758211200000,4,-0.00014928
1758225600008,4,-0.00000780
1758240000000,4,0.00005000
1758254400003,4,-0.00022691
1758268800005,4,-0.00016031
1758283200000,4,-0.00005915
1758297600000,4,-0.00010614
1758312000004,4,-0.00002146
1758326400000,4,-0.00010029
1758340800000,4,0.00005000
1758355200000,4,-0.00003742
1758369600008,4,-0.00001535
1758384000002,4,-0.00004733
1758398400000,4,0.00004476
1758412800000,4,0.00003246
1758427200002,4,0.00005000
1758441600000,4,0.00005000
1758456000002,4,0.00005000
1758470400000,4,0.00005000
1758484800000,4,0.00005000
1758499200005,4,0.00005000
1758513600000,4,0.00005000
1758528000003,4,0.00005000
1758542400005,4,-0.00000790
1758556800000,4,0.00005000
1758571200001,4,0.00005000
1758585600000,4,0.00005000
1758600000012,4,0.00005000
1758614400001,4,0.00005000
1758628800000,4,0.00001426
1758643200000,4,0.00005000
1758657600001,4,0.00005000
1758672000003,4,0.00005000
1758686400000,4,-0.00001303
1758700800001,4,-0.00006273
1758715200001,4,-0.00007906
1758729600002,4,0.00000564
1758744000001,4,0.00002348
1758758400000,4,0.00005000
1758772800000,4,-0.00005792
1758787200001,4,-0.00023369
1758801600000,4,0.00003155
1758816000000,4,-0.00010689
1758830400000,4,0.00005000
1758844800000,4,0.00005000
1758859200002,4,0.00005000
1758873600000,4,0.00004254
1758888000000,4,0.00005000
1758902400008,4,0.00003580
1758916800005,4,0.00005000
1758931200000,4,0.00002999
1758945600000,4,0.00005000
1758960000010,4,0.00002211
1758974400003,4,0.00005000
1758988800003,4,0.00005000
1759003200002,4,0.00000196
1759017600000,4,0.00005000
1759032000002,4,0.00005000
1759046400000,4,0.00005000
1759060800000,4,0.00005000
1759075200000,4,0.00005000
1759089600004,4,-0.00015448
1759104000000,4,-0.00004806
1759118400000,4,0.00005000
1759132800002,4,0.00005000
1759147200000,4,0.00005000
1759161600001,4,-0.00007737
1759176000000,4,0.00004319
1759190400002,4,-0.00004616
1759204800000,4,0.00005000
1759219200005,4,-0.00004340
1759233600000,4,0.00004324
1759248000000,4,0.00005000
1759262400000,4,0.00005000
1759276800000,4,-0.00014067
1759291200008,4,0.00005000
1759305600000,4,-0.00008982
1759320000007,4,-0.00007104
1759334400000,4,-0.00020131
1759348800001,4,-0.00015644
1759363200000,4,-0.00002523
1759377600001,4,-0.00006689
1759392000013,4,-0.00014100
1759406400000,4,0.00003803
1759420800000,4,-0.00000170
1759435200000,4,-0.00005259
1759449600006,4,0.00005000
1759464000000,4,-0.00007446
1759478400006,4,0.00002907
1759492800000,4,0.00004138
1759507200000,4,0.00005000
1759521600002,4,0.00005000
1759536000001,4,0.00005000
1759550400006,4,0.00005000
1759564800000,4,-0.00001926
1759579200000,4,0.00004803
1759593600000,4,0.00003647
1759608000003,4,0.00003832
1759622400000,4,-0.00001249
1759636800000,4,0.00005000
1759651200003,4,0.00002711
1759665600000,4,0.00002665
1759680000009,4,0.00000877
1759694400004,4,0.00001641
1759708800004,4,-0.00003162
1759723200003,4,-0.00010266
1759737600002,4,-0.00005214
1759752000000,4,0.00004045
1759766400004,4,0.00000282
1759780800002,4,0.00005000
1759795200000,4,0.00005000
1759809600001,4,0.00005000
1759824000003,4,0.00005000
1759838400005,4,0.00005000
1759852800000,4,0.00004014
1759867200002,4,0.00004489
1759881600000,4,-0.00004486
1759896000002,4,-0.00006101
1759910400006,4,0.00004119
1759924800003,4,0.00003646
1759939200002,4,-0.00000645
1759953600000,4,0.00004071
1759968000001,4,0.00005000
1759982400003,4,-0.00003979
1759996800000,4,-0.00002648
1760011200002,4,0.00005000
1760025600000,4,0.00000637
1760040000010,4,-0.00001947
1760054400005,4,0.00003417
1760068800001,4,0.00005000
1760083200002,4,0.00005000
1760097600004,4,0.00005000
1760112000014,4,-0.00007014
1760126400003,4,-0.00016900
1760140800000,4,-0.00277220
1760155200000,4,-0.00041221
1760169600003,4,-0.00043715
1760184000003,4,-0.00036625
1760198400000,4,-0.00022048
1760212800001,4,-0.00030408
1760227200004,4,-0.00018841
1760241600001,4,-0.00027196
1760256000002,4,-0.00027864
1760270400001,4,-0.00033200
1760284800000,4,-0.00020865
1760299200000,4,-0.00021978
1760313600003,4,-0.00067709
1760328000000,4,-0.00053166
1760342400002,4,-0.00029755
1760356800001,4,-0.00054435
1760371200003,4,-0.00039522
1760385600002,4,-0.00047556
1760400000000,4,-0.00056785
1760414400000,4,-0.00049360
1760428800000,4,-0.00032903
1760443200000,4,-0.00030786
1760457600000,4,-0.00023797
1760472000000,4,-0.00043844
1760486400006,4,-0.00022554
1760500800001,4,-0.00053615
1760515200002,4,-0.00034074
1760529600005,4,-0.00025259
1760544000000,4,-0.00003106
1760558400004,4,-0.00025072
1760572800000,4,-0.00019429
1760587200000,4,-0.00017042
1760601600003,4,-0.00032496
1760616000000,4,-0.00027548
1760630400002,4,-0.00007514
1760644800003,4,-0.00009334
1760659200001,4,-0.00005986
1760673600001,4,-0.00003965
1760688000005,4,-0.00008475
1760702400000,4,-0.00021243
1760716800003,4,-0.00022911
1760731200004,4,-0.00010049
1760745600000,4,-0.00036894
1760760000000,4,-0.00047003
1760774400002,4,-0.00033910
1760788800007,4,-0.00025022
1760803200001,4,-0.00006958
1760817600000,4,0.00002848
1760832000001,4,-0.00009862
1760846400000,4,-0.00005241
1760860800001,4,-0.00008640
1760875200000,4,-0.00007966
1760889600001,4,-0.00008659
1760904000000,4,-0.00015368
1760918400004,4,-0.00019126
1760932800000,4,-0.00013378
1760947200001,4,-0.00034053
1760961600000,4,-0.00032381
1760976000000,4,-0.00021281
1760990400000,4,0.00005000
1761004800009,4,-0.00004402
1761019200003,4,-0.00012901
1761033600000,4,-0.00010885
1761048000000,4,-0.00015922
1761062400000,4,-0.00015146
1761076800001,4,0.00001844
1761091200004,4,-0.00006469
1761105600000,4,-0.00011624
1761120000000,4,-0.00005541
1761134400000,4,-0.00034313
1761148800000,4,-0.00011203
1761163200004,4,-0.00012550
1761177600000,4,-0.00018653
1761192000000,4,-0.00031808
1761206400001,4,-0.00061474
1761220800000,4,-0.00027584
1761235200004,4,-0.00031313
1761249600000,4,-0.00028774
1761264000000,4,-0.00007502
1761278400002,4,-0.00008231
1761292800000,4,0.00001235
1761307200002,4,0.00003328
1761321600009,4,-0.00005514
1761336000000,4,0.00005000
1761350400000,4,-0.00017408
1761364800000,4,-0.00012513
1761379200001,4,-0.00016368
1761393600000,4,-0.00003691
1761408000001,4,-0.00004596
1761422400002,4,-0.00007707
1761436800001,4,-0.00021677
1761451200000,4,-0.00009873
1761465600001,4,0.00005000
1761480000002,4,-0.00009350
1761494400000,4,-0.00009404
1761508800000,4,0.00003158
1761523200000,4,-0.00002304
1761537600000,4,-0.00012131
1761552000005,4,-0.00001847
1761566400003,4,-0.00003698
1761580800000,4,-0.00008717
1761595200001,4,-0.00012542
1761609600000,4,-0.00023462
1761624000004,4,-0.00017970
1761638400000,4,-0.00022569
1761652800000,4,-0.00010352
1761667200004,4,-0.00011810
1761681600004,4,-0.00006780
1761696000004,4,-0.00002638
1761710400005,4,0.00000330
1761724800005,4,-0.00002930
1761739200011,4,-0.00003397
1761753600000,4,0.00005000
1761768000008,4,0.00003934
1761782400004,4,-0.00004866
1761796800001,4,0.00001291
1761811200008,4,-0.00015532
1761825600006,4,-0.00025305
1761840000001,4,-0.00046697
1761854400000,4,-0.00041634
1761868800000,4,-0.00040342
1761883200000,4,-0.00017410
1761897600008,4,-0.00008461
1761912000008,4,-0.00000925
1761926400007,4,0.00000293
1761940800001,4,-0.00001183
1761955200001,4,-0.00012273
1761969600000,4,-0.00002162
1761984000000,4,0.00003643
1761998400000,4,0.00005000
1762012800000,4,-0.00001197
1762027200003,4,-0.00012798
1762041600007,4,0.00005000
1762056000002,4,0.00004414
1762070400000,4,0.00002859
1762084800001,4,-0.00007649
1762099200001,4,-0.00006189
1762113600001,4,-0.00011612
1762128000000,4,-0.00002579
1762142400003,4,-0.00027113
1762156800010,4,-0.00017200
1762171200002,4,-0.00013875
1762185600000,4,-0.00020607
1762200000008,4,-0.00033851
1762214400002,4,-0.00021577
1762228800000,4,-0.00014325
1762243200004,4,-0.00005254
1762257600000,4,-0.00003590
1762272000000,4,6.7E-7
1762286400001,4,-0.00012428
1762300800000,4,-0.00010572
1762315200005,4,0.00001247
1762329600000,4,-0.00000307
1762344000000,4,0.00002472
1762358400004,4,-3.7E-7
1762372800001,4,0.00000643
1762387200001,4,-0.00003879
1762401600009,4,-0.00003692
1762416000000,4,-0.00023459
1762430400001,4,-0.00007291
1762444800001,4,-0.00014183
1762459200006,4,-0.00005432
1762473600005,4,-0.00006449
1762488000000,4,-0.00010498
1762502400003,4,-0.00005340
1762516800005,4,0.00000637
1762531200005,4,-0.00000105
1762545600000,4,0.00005000
1762560000011,4,0.00005000
1762574400001,4,-0.00005445
1762588800015,4,0.00005000
1762603200000,4,0.00005000
1762617600001,4,-0.00000204
1762632000006,4,0.00005000
1762646400004,4,7.2E-7
1762660800000,4,0.00001745
1762675200000,4,0.00003117
1762689600000,4,0.00005000
1762704000005,4,-0.00009512
1762718400010,4,0.00004360
1762732800000,4,-0.00009315
1762747200005,4,0.00005000
1762761600000,4,0.00005000
1762776000003,4,0.00005000
1762790400003,4,0.00005000
1762804800000,4,0.00005000
1762819200007,4,-0.00004012
1762833600003,4,0.00000599
1762848000000,4,-0.00006512
1762862400002,4,-0.00004285
1762876800009,4,0.00004395
1762891200000,4,0.00004182
1762905600000,4,0.00002757
1762920000000,4,-0.00000760
1762934400002,4,-0.00005463
1762948800000,4,-0.00003208
1762963200000,4,0.00003654
1762977600001,4,-0.00000879
1762992000002,4,-0.00007380
1763006400000,4,-0.00004927
1763020800000,4,-0.00003349
1763035200001,4,0.00005000
1763049600001,4,0.00005000
1763064000004,4,0.00004124
1763078400000,4,-0.00003675
1763092800000,4,0.00002929
1763107200000,4,-0.00002806
1763121600001,4,-0.00006560
1763136000001,4,0.00000598
1763150400000,4,0.00001855
1763164800005,4,-0.00000988
1763179200015,4,0.00005000
1763193600000,4,0.00005000
1763208000008,4,0.00005000
1763222400001,4,0.00005000
1763236800003,4,-0.00003061
1763251200001,4,0.00005000
1763265600003,4,0.00005000
1763280000000,4,0.00005000
1763294400003,4,0.00004197
1763308800000,4,-7.4E-7
1763323200000,4,0.00005000
1763337600003,4,0.00005000
1763352000001,4,0.00005000
1763366400003,4,0.00005000
1763380800000,4,0.00005000
1763395200000,4,0.00002577
1763409600003,4,0.00004614
1763424000002,4,0.00005000
1763438400000,4,0.00004974
1763452800004,4,-0.00001233
1763467200000,4,0.00005000
1763481600000,4,0.00005000
1763496000002,4,0.00005000
1763510400000,4,0.00005000
1763524800000,4,0.00005000
1763539200000,4,0.00005000
1763553600000,4,0.00005000
1763568000008,4,0.00005000
1763582400000,4,-0.00004680
1763596800000,4,0.00005000
1763611200006,4,0.00005000
1763625600000,4,0.00005000
1763640000003,4,0.00005000
1763654400000,4,0.00005000
1763668800002,4,0.00002080
1763683200001,4,-0.00009060
1763697600000,4,-0.00008309
1763712000000,4,-0.00002405
1763726400001,4,-0.00008808
1763740800001,4,-0.00008888
1763755200000,4,-0.00006605
1763769600004,4,0.00002281
1763784000000,4,0.00005000
1763798400000,4,0.00002066
1763812800000,4,0.00005000
1763827200000,4,0.00005000
1763841600001,4,0.00004641
1763856000000,4,-0.00000920
1763870400000,4,0.00002212
1763884800008,4,-0.00000441
1763899200000,4,0.00005000
1763913600003,4,0.00005000
1763928000003,4,-0.00000327
1763942400004,4,0.00001402
1763956800000,4,-0.00002748
1763971200000,4,0.00002541
1763985600000,4,0.00005000
1764000000006,4,0.00001460
1764014400003,4,0.00004610
1764028800000,4,0.00003985
1764043200000,4,-0.00005547
1764057600009,4,0.00000248
1764072000002,4,0.00005000
1764086400007,4,0.00004321
1764100800009,4,0.00004884
1764115200001,4,0.00005000
1764129600006,4,-0.00007340
1764144000001,4,-0.00001524
1764158400001,4,-0.00004078
1764172800000,4,0.00005000
1764187200001,4,0.00001290
1764201600013,4,-0.00015442
1764216000007,4,0.00005000
1764230400000,4,0.00005000
1764244800002,4,-0.00002417
1764259200004,4,0.00005000
1764273600004,4,0.00005000
1764288000008,4,-0.00001748
1764302400000,4,-0.00007315
1764316800000,4,-0.00015395
1764331200004,4,0.00000777
1764345600008,4,0.00005000
1764360000010,4,0.00005000
1764374400000,4,0.00005000
1764388800002,4,0.00005000
1764403200005,4,-0.00012133
1764417600003,4,0.00005000
1764432000001,4,0.00002964
1764446400000,4,-0.00007727
1764460800003,4,0.00005000
1764475200004,4,-0.00012112
1764489600000,4,-0.00020030
1764504000000,4,-0.00001383
1764518400004,4,-0.00007211
1764532800006,4,0.00005000
1764547200000,4,-0.00022370
1764561600000,4,-0.00043359
1764576000004,4,-0.00025030
1764590400000,4,-0.00008461
1764604800000,4,-0.00006955
1764619200000,4,0.00000468
1764633600004,4,-0.00010029
1764648000000,4,-0.00015473
1764662400000,4,-0.00008237
1764676800004,4,-0.00004850
1764691200000,4,0.00005000
1764705600000,4,-0.00000291
1764720000000,4,0.00005000
1764734400004,4,0.00005000
1764748800000,4,0.00005000
1764763200001,4,0.00005000
1764777600005,4,0.00005000
1764792000002,4,0.00005000
1764806400012,4,0.00000256
1764820800000,4,-0.00021405
1764835200000,4,0.00005000
1764849600005,4,0.00005000
1764864000011,4,0.00005000
1764878400000,4,0.00005000
1764892800000,4,0.00005000
1764907200000,4,0.00000281
1764921600000,4,0.00005000
1764936000001,4,0.00001674
1764950400010,4,0.00005000
1764964800001,4,-0.00009232
1764979200001,4,0.00005000
1764993600000,4,0.00005000
1765008000001,4,-0.00011270
1765022400000,4,-0.00000838
1765036800008,4,0.00000309
1765051200000,4,-0.00008452
1765065600000,4,0.00001165
1765080000000,4,0.00004484
1765094400004,4,-0.00013690
1765108800004,4,-0.00007661
1765123200000,4,0.00003721
1765137600000,4,0.00005000
1765152000000,4,-0.00006864
1765166400000,4,-0.00019556
1765180800000,4,-0.00000909
1765195200001,4,-0.00007067
1765209600001,4,-0.00002845
1765224000000,4,-0.00028301
1765238400001,4,-1.3E-7
1765252800004,4,-0.00013596
1765267200001,4,-0.00004089
1765281600000,4,0.00003199
1765296000007,4,0.00005000
1765310400001,4,-0.00016097
1765324800007,4,0.00005000
1765339200012,4,0.00005000
1765353600002,4,-0.00015068
1765368000000,4,-0.00010610
1765382400012,4,0.00005000
1765396800000,4,0.00005000
1765411200001,4,-0.00008534
1765425600000,4,-0.00022715
1765440000000,4,-0.00037688
1765454400000,4,-0.00002854
1765468800000,4,-0.00014712
1765483200001,4,-0.00008530
1765497600005,4,-0.00011881
1765512000000,4,-0.00007114
1765526400007,4,-0.00006281
1765540800000,4,0.00003875
1765555200002,4,-0.00028733
1765569600004,4,-0.00024191
1765584000001,4,-0.00020659
1765598400006,4,-0.00000364
1765612800006,4,0.00005000
1765627200002,4,0.00001597
1765641600000,4,-0.00015002
1765656000000,4,0.00005000
1765670400000,4,0.00005000
1765684800001,4,0.00005000
1765699200003,4,-0.00011986
1765713600000,4,-0.00002925
1765728000005,4,-0.00006584
1765742400000,4,-0.00011702
1765756800000,4,-0.00003987
1765771200001,4,-0.00013148
1765785600000,4,-0.00017637
1765800000000,4,-0.00004339
1765814400000,4,-0.00006735
1765828800000,4,-0.00023943
1765843200002,4,-0.00004993
1765857600000,4,-0.00023473
1765872000000,4,-0.00025489
1765886400008,4,-0.00015450
1765900800002,4,-0.00005603
1765915200000,4,-0.00007165
1765929600004,4,-0.00020239
1765944000002,4,-0.00021647
1765958400000,4,-0.00013975
1765972800000,4,-0.00001584
1765987200000,4,-0.00001507
1766001600001,4,-0.00006530
1766016000005,4,-0.00005449
1766030400000,4,-0.00014627
1766044800007,4,0.00002978
1766059200000,4,-0.00022189
1766073600001,4,-0.00007991
1766088000000,4,-0.00034263
1766102400000,4,-0.00045275
1766116800000,4,-0.00012542
1766131200001,4,-0.00049758
1766145600000,4,-0.00022341
1766160000000,4,-0.00014279
1766174400000,4,0.00001949
1766188800005,4,-0.00021714
1766203200001,4,0.00005000
1766217600000,4,-0.00014006
1766232000000,4,-0.00020910
1766246400002,4,-0.00016725
1766260800009,4,-0.00031463
1766275200000,4,-0.00016355
1766289600003,4,-0.00026717
1766304000009,4,7.0E-7
1766318400000,4,-0.00018353
1766332800000,4,-0.00025913
1766347200009,4,-0.00007979
1766361600000,4,0.00001178
1766376000000,4,0.00001027
1766390400005,4,-0.00009611
1766404800002,4,-0.00011164
1766419200009,4,-0.00007400
1766433600001,4,-0.00004753
1766448000000,4,0.00005000
1766462400000,4,0.00001372
1766476800000,4,-0.00004727
1766491200000,4,-0.00000306
1766505600001,4,-0.00015437
1766520000005,4,-0.00015568
1766534400001,4,-0.00005587
1766548800000,4,-0.00027303
1766563200001,4,-0.00001670
1766577600002,4,-0.00030354
1766592000000,4,-0.00018726
1766606400003,4,-0.00026305
1766620800000,4,-0.00014434
1766635200000,4,-0.00025359
1766649600001,4,-0.00027925
1766664000008,4,-0.00017318
1766678400005,4,-0.00023028
1766692800001,4,-0.00017457
1766707200004,4,-0.00023147
1766721600005,4,-0.00009913
1766736000001,4,-0.00014112
1766750400000,4,-0.00002993
1766764800007,4,-0.00017091
1766779200000,4,-0.00005288
1766793600000,4,-0.00010083
1766808000000,4,-0.00007086
1766822400000,4,-0.00030738
1766836800000,4,0.00005000
1766851200011,4,0.00000899
1766865600003,4,-0.00010361
1766880000008,4,0.00004488
1766894400000,4,0.00001849
1766908800000,4,0.00000129
1766923200010,4,-0.00011806
1766937600000,4,0.00004810
1766952000002,4,-0.00011557
1766966400016,4,-0.00012979
1766980800000,4,-0.00003094
1766995200001,4,-0.00006401
1767009600001,4,-0.00019827
1767024000000,4,-0.00008641
1767038400000,4,-0.00022039
1767052800005,4,-0.00035455
1767067200012,4,-0.00026089
1767081600001,4,-0.00027940
1767096000000,4,-0.00016225
1767110400003,4,-0.00003729
1767124800001,4,-0.00007207
1767139200004,4,-0.00013277
1767153600008,4,-0.00028447
1767168000001,4,-0.00016966
1767182400007,4,0.00000932
1767196800001,4,-0.00017358
1767211200009,4,-0.00016337
1767225600008,4,-0.00017983
1767240000000,4,-0.00016549
1767254400002,4,-0.00017913
1767268800007,4,0.00004647
1767283200001,4,-0.00001422
1767297600005,4,0.00001552
1767312000006,4,0.00005000
1767326400000,4,-0.00000764
1767340800007,4,0.00005000
1767355200000,4,0.00005000
1767369600000,4,-0.00006800
1767384000000,4,0.00005000
1767398400001,4,0.00005000
1767412800000,4,0.00005000
1767427200000,4,0.00002482
1767441600008,4,0.00005000
1767456000000,4,0.00001748
1767470400001,4,-0.00003168
1767484800000,4,-0.00008052
1767499200000,4,0.00005000
1767513600000,4,-0.00004917
1767528000001,4,0.00005000
1767542400001,4,0.00005000
1767556800002,4,0.00005000
1767571200000,4,-0.00001670
1767585600001,4,-0.00004422
1767600000000,4,0.00005000
1767614400000,4,0.00005000
1767628800000,4,0.00000473
1767643200000,4,-0.00003283
1767657600010,4,0.00005000
1767672000000,4,0.00005000
1767686400000,4,0.00003502
1767700800000,4,0.00005000
1767715200000,4,0.00005000
1767729600002,4,-0.00003282
1767744000001,4,0.00003059
1767758400003,4,0.00004764
1767772800001,4,0.00005000
1767787200000,4,0.00003119
1767801600001,4,0.00005000
1767816000001,4,0.00005000
1767830400001,4,0.00005000
1767844800000,4,-0.00006190
1767859200000,4,0.00005000
1767873600002,4,0.00005000
1767888000000,4,0.00005000
1767902400000,4,-0.00003286
1767916800003,4,0.00005000
1767931200000,4,0.00005000
1767945600000,4,-0.00003198
1767960000000,4,-0.00001141
1767974400001,4,0.00005000
1767988800005,4,-0.00004170
1768003200000,4,0.00005000
1768017600000,4,0.00005000
1768032000002,4,0.00001611
1768046400000,4,0.00005000
1768060800001,4,-0.00005271
1768075200014,4,0.00005000
1768089600003,4,-0.00004450
1768104000000,4,0.00001012
1768118400006,4,0.00003442
1768132800000,4,-0.00000340
1768147200000,4,-0.00015809
1768161600002,4,0.00005000
1768176000005,4,0.00001623
1768190400008,4,-0.00004600
1768204800000,4,-0.00012563
1768219200000,4,0.00004249
1768233600000,4,-0.00002215
1768248000000,4,0.00005000
1768262400007,4,-0.00004090
1768276800000,4,-0.00026270
1768291200009,4,-0.00028419
1768305600000,4,-0.00006344
1768320000002,4,-0.00000831
1768334400003,4,-0.00001625
1768348800000,4,0.00005000
1768363200001,4,0.00005000
1768377600001,4,-0.00005476
1768392000000,4,0.00004734
1768406400004,4,0.00004538
1768420800007,4,0.00005000
1768435200000,4,0.00002436
1768449600008,4,-0.00000222
1768464000004,4,-0.00003588
1768478400000,4,-0.00019986
1768492800002,4,-0.00014273
1768507200000,4,-0.00032627
1768521600000,4,-0.00032063
1768536000000,4,-0.00023150
1768550400000,4,-0.00021349
1768564800001,4,-0.00008664
1768579200001,4,-0.00012786
1768593600003,4,0.00002449
1768608000000,4,-0.00002588
1768622400000,4,0.00000996
1768636800000,4,0.00002622
1768651200000,4,0.00005000
1768665600002,4,0.00004244
1768680000002,4,0.00005000
1768694400001,4,0.00005000
1768708800002,4,0.00004638
1768723200000,4,0.00005000
1768737600000,4,0.00003523
1768752000000,4,0.00005000
1768766400011,4,-0.00007082
1768780800007,4,-0.00013385
1768795200002,4,-0.00046806
1768809600007,4,-0.00053607
1768824000000,4,-0.00037413
1768838400007,4,-0.00059540
1768852800000,4,-0.00011391
1768867200005,4,-0.00015332
1768881600008,4,-0.00002785
1768896000001,4,0.00000874
1768910400007,4,-0.00011146
1768924800009,4,-0.00002324
1768939200002,4,0.00001447
1768953600001,4,-0.00001826
1768968000009,4,-0.00005937
1768982400011,4,-0.00013190
1768996800000,4,-0.00016705
1769011200011,4,0.00001600
1769025600000,4,-0.00019436
1769040000010,4,-0.00019798
1769054400011,4,-0.00002113
1769068800003,4,0.00002245
1769083200000,4,-0.00004121
1769097600005,4,-0.00007294
1769112000000,4,-0.00021752
1769126400005,4,-0.00001822
1769140800000,4,-0.00021051
1769155200000,4,0.00001431
1769169600002,4,0.00005000
1769184000011,4,-0.00007576
1769198400000,4,-0.00018002
1769212800011,4,-0.00011063
1769227200008,4,-0.00005101
1769241600002,4,-0.00018353
1769256000000,4,-0.00039121
1769270400001,4,-0.00005386
1769284800008,4,-0.00019643
1769299200002,4,-0.00001150
1769313600000,4,-0.00011864
1769328000011,4,-0.00001187
1769342400000,4,-0.00006209
1769356800005,4,0.00001374
1769371200001,4,-0.00009870
1769385600000,4,-0.00000139
1769400000000,4,-0.00004626
1769414400003,4,0.00005000
1769428800000,4,0.00005000
1769443200000,4,0.00002789
1769457600000,4,0.00005000
1769472000002,4,0.00005000
1769486400002,4,-0.00008403
1769500800000,4,0.00002471
1769515200006,4,0.00005000
1769529600000,4,0.00003501
1769544000000,4,0.00000190
1769558400000,4,0.00001390
1769572800008,4,0.00004685
1769587200000,4,-0.00000856
1769601600005,4,0.00005000
1769616000000,4,0.00004598
1769630400004,4,0.00005000
1769644800000,4,0.00002044
1769659200000,4,-0.00001711
1769673600009,4,0.00002324
1769688000000,4,-0.00001016
1769702400000,4,-0.00010140
1769716800004,4,-0.00006944
1769731200008,4,-0.00003660
1769745600005,4,-0.00013176
1769760000000,4,-0.00012729
1769774400005,4,-0.00001426
1769788800001,4,-0.00012144
1769803200004,4,-0.00001269
1769817600000,4,-0.00000547
1769832000002,4,-0.00003513
1769846400001,4,-0.00006989
1769860800010,4,-0.00000104
1769875200009,4,-0.00016873
1769889600012,4,-0.00009964
1769904000001,4,-0.00003185
1769918400000,4,-0.00008564
1769932800004,4,-0.00003761
1769947200004,4,-0.00005537
1769961600000,4,-0.00006961
1769976000004,4,-0.00000607
1769990400000,4,-0.00006040
1770004800000,4,-0.00009940
1770019200014,4,0.00002437
1770033600009,4,0.00001644
1770048000000,4,-0.00010161
1770062400000,4,-0.00004422
1770076800000,4,-0.00014879
1770091200001,4,-0.00010182
1770105600007,4,-0.00005518
1770120000006,4,-0.00003541
1770134400000,4,-0.00013764
1770148800009,4,-0.00002329
1770163200002,4,0.00005000
1770177600004,4,0.00007778
1770192000007,4,0.00005000
1770206400010,4,-0.00003200
1770220800000,4,-0.00004744
1770235200001,4,0.00004792
1770249600011,4,0.00001608
1770264000001,4,0.00000845
1770278400000,4,-0.00010210
1770292800006,4,-0.00010544
1770307200007,4,-0.00009730
1770321600000,4,0.00001925
1770336000000,4,0.00002097
1770350400001,4,0.00001794
1770364800001,4,0.00001932
1770379200003,4,-0.00003079
1770393600000,4,-0.00009397
1770408000005,4,-0.00005176
1770422400003,4,-0.00000803
1770436800024,4,-0.00001245
1770451200000,4,0.00003563
1770465600007,4,0.00005000
1770480000010,4,0.00002971
1770494400000,4,0.00002231
1770508800003,4,0.00005000
1770523200002,4,0.00003453
1770537600000,4,0.00005000
1770552000005,4,0.00002951
1770566400000,4,-8.5E-7
1770580800000,4,0.00001417
1770595200002,4,0.00001540
1770609600012,4,0.00005000
1770624000001,4,-0.00000910
1770638400003,4,0.00004908
1770652800007,4,0.00001569
1770667200006,4,0.00001265
1770681600000,4,0.00003199
1770696000000,4,0.00004436
1770710400007,4,0.00003759
1770724800000,4,-0.00001228
1770739200000,4,-0.00001408
1770753600007,4,-0.00000924
1770768000000,4,0.00005000
1770782400000,4,0.00000467
1770796800006,4,-0.00002351
1770811200000,4,-0.00000288
1770825600000,4,-6.4E-7
1770840000003,4,0.00003368
1770854400000,4,0.00000471
1770868800000,4,0.00005000
1770883200001,4,0.00004154
1770897600002,4,-0.00001575
1770912000001,4,-0.00009056
1770926400006,4,0.00001628
1770940800007,4,0.00002549
1770955200000,4,-0.00000827
1770969600003,4,0.00000740
1770984000000,4,-0.00002670
1770998400005,4,-0.00007102
1771012800006,4,0.00000988
1771027200002,4,0.00005000
1771041600007,4,0.00005000
1771056000004,4,0.00005000
1771070400000,4,0.00005000
1771084800002,4,0.00005000
1771099200000,4,-0.00001054
1771113600000,4,0.00000182
1771128000000,4,0.00005000
1771142400002,4,0.00000452
1771156800005,4,0.00003450
1771171200000,4,0.00005000
1771185600009,4,0.00000395
1771200000001,4,0.00005000
1771214400004,4,0.00005000
1771228800003,4,0.00001920
1771243200000,4,0.00001219
1771257600000,4,-0.00003056
1771272000009,4,0.00005000
1771286400008,4,0.00002084
1771300800003,4,-0.00000527
1771315200001,4,-0.00001098
1771329600000,4,0.00005000
1771344000002,4,0.00000381
1771358400002,4,0.00004020
1771372800000,4,0.00005000
1771387200000,4,0.00005000
1771401600000,4,0.00000912
1771416000007,4,-0.00001789
1771430400011,4,-0.00010509
1771444800004,4,-0.00007145
1771459200013,4,-0.00015433
1771473600003,4,-0.00005116
1771488000000,4,-0.00010649
1771502400011,4,-0.00017716
1771516800003,4,-0.00016213
1771531200000,4,-0.00012259
1771545600000,4,0.00004225
1771560000003,4,-0.00001950
1771574400000,4,-0.00015759
1771588800000,4,-0.00008425
1771603200000,4,-0.00005038
1771617600000,4,-0.00000972
1771632000004,4,0.00004510
1771646400000,4,-0.00001054
1771660800000,4,0.00002879
1771675200013,4,-0.00000173
1771689600005,4,-0.00007745
1771704000000,4,-0.00014106
1771718400001,4,-0.00014785
1771732800008,4,-0.00011639
1771747200004,4,-0.00005434
1771761600008,4,-0.00015715
1771776000000,4,0.00001559
1771790400000,4,-0.00010405
1771804800001,4,-0.00001239
1771819200000,4,-0.00021931
1771833600000,4,-0.00001620
1771848000003,4,0.00004282
1771862400000,4,-0.00007361
1771876800000,4,-0.00007157
1771891200007,4,-0.00003843
1771905600000,4,-0.00003115
1771920000000,4,-0.00012334
1771934400000,4,-4.6E-7
1771948800001,4,-0.00010319
1771963200002,4,-0.00001039
1771977600001,4,-0.00007512
1771992000000,4,-0.00002233
1772006400007,4,0.00002840
1772020800000,4,-0.00002106
1772035200000,4,0.00003754
1772049600006,4,0.00005000
1772064000000,4,0.00005000
1772078400000,4,0.00005000
1772092800006,4,0.00004792
1772107200004,4,0.00005000
1772121600002,4,-0.00006190
1772136000001,4,0.00001339
1772150400007,4,0.00005000
1772164800000,4,0.00005000
1772179200000,4,0.00003428
1772193600000,4,0.00002266
1772208000001,4,0.00005000
1772222400007,4,-0.00005963
1772236800000,4,0.00002843
1772251200002,4,-0.00003308
1772265600000,4,-0.00004710
1772280000001,4,0.00000589
1772294400004,4,-0.00006315
1772308800000,4,0.00002958
1772323200005,4,0.00005000
1772337600000,4,-0.00003350
1772352000000,4,0.00005000
1772366400000,4,0.00002531
1772380800002,4,-0.00005509
1772395200001,4,-0.00009757
1772409600001,4,-0.00001669
1772424000001,4,-0.00074338
1772438400007,4,-0.00063791
1772452800002,4,-0.00023772
1772467200000,4,-0.00008706
1772481600000,4,0.00000274
1772496000000,4,0.00004170
1772510400009,4,0.00002877
1772524800000,4,0.00003898
1772539200017,4,-0.00005130
1772553600007,4,-0.00004461
1772568000000,4,-0.00003756
1772582400001,4,0.00004841
1772596800000,4,0.00002489
1772611200005,4,0.00001730
1772625600008,4,0.00005000
1772640000000,4,0.00000553
1772654400000,4,-0.00002915
1772668800000,4,-0.00007854
1772683200000,4,-0.00021234
1772697600000,4,-0.00008032
1772712000000,4,0.00005000
1772726400004,4,-0.00005985
1772740800000,4,0.00000998
1772755200001,4,0.00004528
1772769600003,4,0.00005000
1772784000001,4,0.00005000
1772798400005,4,-0.00000141
1772812800004,4,-0.00012935
1772827200010,4,-0.00007717
1772841600001,4,-0.00006259
1772856000006,4,-0.00008226
1772870400012,4,0.00002732
1772884800000,4,-0.00017533
1772899200001,4,-0.00016850
1772913600000,4,-0.00011085
1772928000001,4,-0.00005164
1772942400010,4,-0.00017272
1772956800000,4,-0.00014227
1772971200002,4,-0.00009018
1772985600002,4,-0.00016637
1773000000000,4,-0.00010879
1773014400000,4,-0.00009209
1773028800006,4,-0.00001445
1773043200004,4,-0.00000212
1773057600001,4,-0.00004370
1773072000003,4,-0.00003998
1773086400000,4,-0.00004416
1773100800012,4,0.00001948
1773115200000,4,-0.00006687
1773129600002,4,-0.00012465
1773144000004,4,0.00003230
1773158400001,4,0.00005000
1773172800004,4,-0.00008834
1773187200000,4,-0.00009750
1773201600000,4,-0.00006941
1773216000007,4,-0.00005435
1773230400003,4,0.00001189
1773244800010,4,-0.00006252
1773259200004,4,-0.00002361
1773273600000,4,0.00000191
1773288000001,4,0.00003657
1773302400000,4,0.00004651
1773316800006,4,-0.00003036
1773331200000,4,0.00003929
1773345600006,4,0.00005000
1773360000006,4,0.00003240
1773374400005,4,0.00005000
1773388800001,4,0.00005000
1773403200003,4,0.00005000
1773417600000,4,0.00005000
1773432000000,4,0.00005000
1773446400001,4,0.00005000
1773460800002,4,0.00005000
1773475200000,4,0.00005000
1773489600000,4,0.00005000
1773504000007,4,0.00005000
1773518400000,4,0.00005000
1773532800000,4,0.00005000
1773547200000,4,0.00005000
1773561600000,4,0.00003491
1773576000002,4,0.00005000
1773590400000,4,0.00004856
1773604800000,4,0.00005000
1773619200000,4,0.00005000
1773633600006,4,0.00005000
1773648000010,4,0.00005000
1773662400002,4,0.00002072
1773676800000,4,0.00005000
1773691200001,4,0.00005000
1773705600000,4,0.00005000
1773720000008,4,0.00005000
1773734400002,4,0.00005000
1773748800012,4,0.00005000
1773763200011,4,0.00003607
1773777600000,4,0.00005000
1773792000002,4,-0.00000401
1773806400000,4,-0.00000895
1773820800002,4,-0.00001118
1773835200001,4,0.00003931
1773849600005,4,-0.00001430
1773864000008,4,0.00005000
1773878400000,4,0.00005000
1773892800000,4,-0.00007553
1773907200003,4,-0.00004746
1773921600002,4,-0.00008454
1773936000003,4,-0.00014570
1773950400000,4,-0.00011377
1773964800002,4,-0.00012660
1773979200008,4,-0.00003962
1773993600000,4,-0.00002061
1774008000000,4,-0.00004187
1774022400000,4,-0.00007583
1774036800007,4,-0.00004762
1774051200000,4,-0.00004411
1774065600002,4,0.00002437
1774080000000,4,-0.00001907
1774094400003,4,0.00000775
1774108800014,4,0.00000575
1774123200000,4,0.00002534
1774137600012,4,-0.00003887
1774152000003,4,-0.00185801
1774166400007,4,-0.00062668
1774180800000,4,-0.00045643
1774195200002,4,-0.00044794
1774209600000,4,-0.00050763
1774224000000,4,-0.00068815
1774238400000,4,-0.00034425
1774252800003,4,-0.00017348
1774267200000,4,-0.00023055
1774281600002,4,-0.00023168
1774296000000,4,-0.00016808
1774310400000,4,-0.00018301
1774324800001,4,-0.00006298
1774339200000,4,-0.00009469
1774353600000,4,-0.00001339
1774368000003,4,-0.00000333
1774382400000,4,-0.00000723
1774396800000,4,-0.00005527
1774411200000,4,-0.00003683
1774425600000,4,-0.00016600
1774440000005,4,-0.00002161
1774454400013,4,-0.00006547
1774468800001,4,-0.00000392
1774483200001,4,0.00003887
1774497600002,4,-0.00025798
1774512000001,4,-0.00033770
1774526400000,4,-0.00027184
1774540800000,4,-0.00039062
1774555200003,4,-0.00021278
1774569600006,4,-0.00039486
1774584000001,4,-0.00031130
1774598400000,4,-0.00208893
1774612800002,4,-0.00025898
1774627200000,4,-0.00006423
1774641600000,4,-0.00012723
1774656000005,4,-0.00022890
1774670400003,4,-0.00032278
1774684800005,4,-0.00026706
1774699200006,4,-0.00012952
1774713600000,4,0.00000562
1774728000003,4,4.7E-7
1774742400003,4,-0.00011352
1774756800000,4,-0.00003975
1774771200001,4,-0.00001417
1774785600000,4,-0.00003115
1774800000000,4,-0.00016265
1774814400000,4,-0.00002711
1774828800000,4,-0.00006053
1774843200012,4,0.00005000
1774857600005,4,0.00005000
1774872000005,4,0.00005000
1774886400000,4,0.00005000
1774900800000,4,-7E-8
1774915200000,4,0.00003488
1774929600000,4,-0.00003721
1774944000000,4,-0.00025579
1774958400001,4,-0.00004710
1774972800000,4,-0.00002028
1774987200002,4,0.00005000
1775001600000,4,-0.00022746
1775016000004,4,-0.00011193
1775030400000,4,0.00005000
1775044800000,4,0.00003060
1775059200000,4,0.00002602
1775073600000,4,-0.00004833
1775088000003,4,-0.00011092
1775102400003,4,-0.00029325
1775116800001,4,-0.00002825
1775131200003,4,0.00001582
1775145600001,4,0.00000811
1775160000003,4,0.00005000
1775174400000,4,0.00005000
1775188800000,4,0.00005000
1775203200008,4,0.00001691
1775217600006,4,0.00005000
1775232000008,4,0.00005000
1775246400001,4,0.00005000
1775260800000,4,0.00001593
1775275200001,4,-0.00008660
1775289600003,4,-0.00000740
1775304000000,4,0.00002897
1775318400000,4,-0.00023245
1775332800000,4,-0.00003985
1775347200008,4,0.00004371
1775361600002,4,-0.00008567
1775376000000,4,-0.00008524
1775390400003,4,-0.00002683
1775404800001,4,-0.00015707
1775419200003,4,-0.00012294
1775433600004,4,-0.00001157
1775448000005,4,0.00005000
1775462400001,4,0.00005000
1775476800002,4,-0.00029202
1775491200003,4,0.00003642
1775505600000,4,-0.00001825
1775520000000,4,-0.00012289
1775534400003,4,-0.00007637
1775548800000,4,-0.00010934
1775563200008,4,-0.00005856
1775577600000,4,-0.00012635
1775592000000,4,-0.00004226
1775606400000,4,0.00005000
1775620800002,4,0.00005000
1775635200000,4,0.00002602
1775649600013,4,0.00005000
1775664000006,4,-0.00000331
1775678400005,4,-0.00001993
1775692800000,4,-0.00006030
1775707200005,4,0.00005000
1775721600010,4,0.00005000
1775736000001,4,0.00005000
1775750400001,4,-0.00001702
1775764800001,4,0.00001630
1775779200000,4,0.00001089
1775793600000,4,-0.00003848
1775808000005,4,-0.00005571
1775822400000,4,-0.00006108
1775836800000,4,-0.00008190
1775851200002,4,-0.00004103
1775865600000,4,0.00005000
1775880000009,4,-0.00012958
1775894400000,4,-0.00003688
1775908800002,4,-0.00002073
1775923200003,4,-0.00006986
1775937600001,4,-0.00005574
1775952000000,4,-0.00014466
1775966400000,4,-0.00002562
1775980800000,4,-0.00017610
1775995200000,4,-0.00012212
1776009600000,4,0.00000631
1776024000013,4,-0.00003484
1776038400011,4,0.00005000
1776052800003,4,-0.00035955
1776067200006,4,-0.00018502
1776081600010,4,0.00001156
1776096000000,4,-0.00003627
1776110400000,4,0.00001235
1776124800005,4,-0.00015325
1776139200000,4,0.00004406
1776153600003,4,0.00001999
1776168000000,4,-0.00015545
1776182400001,4,-0.00010427
1776196800009,4,-0.00014445
1776211200000,4,-0.00012075
1776225600000,4,-0.00012924
1776240000000,4,-0.00011219
1776254400000,4,-0.00008979
1776268800000,4,0.00002233
1776283200009,4,-0.00027482
1776297600013,4,0.00005000
1776312000008,4,0.00005000
1776326400000,4,0.00005000
1776340800004,4,0.00004770
1776355200000,4,0.00005000
1776369600000,4,0.00005000
1776384000001,4,0.00005000
1776398400003,4,0.00005000
1776412800011,4,0.00005000
1776427200003,4,0.00005000
1776441600001,4,0.00005000
1776456000005,4,0.00005000
1776470400001,4,0.00005000
1776484800003,4,0.00005000
1776499200006,4,0.00005000
1776513600000,4,0.00005000
1776528000000,4,0.00005000
1776542400002,4,0.00005000
1776556800002,4,0.00005000
1776571200000,4,0.00004161
1776585600010,4,0.00005000
1776600000003,4,0.00005000
1776614400001,4,0.00005000
1776628800005,4,0.00005000
1776643200000,4,0.00000957
1776657600001,4,0.00005000
1776672000000,4,-0.00007197
1776686400009,4,-0.00001970
1776700800001,4,0.00005000
1776715200000,4,0.00005000
1776729600000,4,0.00002935
1776744000000,4,0.00003163
1776758400004,4,-0.00004009
1776772800000,4,-0.00007843
1776787200004,4,-0.00002180
1776801600003,4,0.00003353
1776816000004,4,0.00005000
1776830400003,4,0.00005000
1776844800000,4,0.00005000
1776859200000,4,0.00005000
1776873600000,4,0.00005000
1776888000003,4,0.00002506
1776902400000,4,0.00002887
1776916800000,4,0.00005000
1776931200000,4,0.00005000
1776945600000,4,0.00005000
1776960000004,4,0.00005000
1776974400006,4,0.00005000
1776988800006,4,0.00005000
1777003200000,4,0.00002518
1777017600000,4,0.00005000
1777032000002,4,0.00005000
1777046400000,4,0.00005000
1777060800003,4,0.00005000
1777075200000,4,0.00005000
1777089600005,4,0.00005000
1777104000002,4,0.00005000
1777118400001,4,0.00001904
1777132800002,4,-0.00041878
1777147200001,4,-0.00015178
1777161600003,4,-0.00000173
1777176000001,4,-0.00000878
1777190400007,4,-0.00002914
1777204800001,4,-0.00013206
1777219200004,4,-0.00012835
1777233600014,4,-0.00000340
1777248000004,4,-0.00000892
1777262400000,4,0.00003423
1777276800000,4,-0.00001623
1777291200004,4,0.00005000
1777305600002,4,-0.00001040
1777320000000,4,-0.00003296
1777334400001,4,0.00005000
1777348800006,4,0.00005000
1777363200000,4,0.00005000
1777377600000,4,0.00005000
1777392000004,4,0.00005000
1777406400001,4,0.00005000
1777420800006,4,0.00003896
1777435200003,4,0.00005000
1777449600011,4,0.00005000
1777464000000,4,0.00005000
1777478400003,4,0.00001016
1777492800004,4,0.00002067
1777507200002,4,0.00000916
1777521600000,4,-0.00002002
1777536000000,4,-0.00002241
1777550400000,4,-0.00000533
1777564800000,4,-0.00007988
1777579200002,4,-0.00005220
1777593600000,4,-0.00003185
1777608000003,4,0.00005000
1777622400005,4,0.00001330
1777636800000,4,0.00001574
1777651200000,4,-0.00009180
1777665600009,4,-0.00010469
1777680000006,4,-0.00001201
1777694400000,4,-0.00012744
1777708800000,4,0.00001495
1777723200009,4,0.00001652
1777737600010,4,0.00005000
1777752000000,4,0.00005000
1777766400005,4,0.00005000
1777780800014,4,-0.00003087
1777795200003,4,-0.00001786
1777809600004,4,0.00005000
1777824000000,4,-0.00003509
1777838400000,4,0.00001000
1777852800000,4,0.00003131
1777867200003,4,0.00005000
1777881600000,4,0.00005000
1777896000000,4,0.00004462
1777910400003,4,0.00005000
1777924800007,4,-0.00003056
1777939200000,4,-0.00000783
1777953600000,4,-0.00001806
1777968000011,4,0.00005000
1777982400006,4,0.00001519
1777996800000,4,0.00005000
1778011200000,4,0.00005000
1778025600010,4,0.00004436
1778040000000,4,0.00005000
1778054400000,4,0.00005000
1778068800000,4,-0.00002670
1778083200002,4,0.00004545
1778097600000,4,0.00002489
1778112000000,4,0.00005000
1778126400001,4,-0.00002666
1778140800000,4,0.00005000
1778155200000,4,0.00005000
1778169600004,4,0.00003327
1778184000005,4,0.00005000
1778198400003,4,0.00005000
1778212800000,4,0.00005000
1778227200002,4,0.00005000
1778241600000,4,0.00005000
1778256000003,4,0.00005000
1778270400000,4,0.00005000
1778284800000,4,0.00005000
1778299200000,4,0.00005000
1778313600001,4,0.00005000
1778328000000,4,0.00005000
1778342400002,4,0.00005000
1778356800000,4,0.00002695
1778371200003,4,0.00000903
1778385600005,4,0.00005000
1778400000000,4,0.00005000
1778414400007,4,0.00005000
1778428800000,4,0.00005000
1778443200002,4,0.00005000
1778457600000,4,-0.00000181
1778472000000,4,0.00005000
1778486400000,4,0.00003394
1778500800001,4,-0.00000380
1778515200000,4,0.00005000
1778529600014,4,0.00005000
1778544000002,4,0.00005000
1778558400000,4,-0.00004148
1778572800008,4,0.00002877
1778587200003,4,0.00005000
1778601600000,4,0.00005000
1778616000000,4,-0.00003686
1778630400010,4,0.00002687
1778644800003,4,0.00005000
1778659200003,4,0.00004971
1778673600004,4,0.00003764
1778688000001,4,-0.00004905
1778702400004,4,-0.00001856
1778716800005,4,0.00003183
1778731200005,4,-0.00010210
1778745600000,4,-0.00013535
1778760000001,4,-0.00023098
1778774400000,4,-0.00039418
1778788800000,4,0.00005000
1778803200000,4,-0.00001039
1778817600006,4,0.00005000
1778832000016,4,0.00005000
1778846400001,4,-0.00000333
1778860800012,4,-0.00001360
1778875200001,4,0.00005000
1778889600005,4,0.00004590
1778904000000,4,0.00005000
1778918400000,4,0.00002488
1778932800002,4,0.00004162
1778947200005,4,0.00000655
1778961600000,4,0.00002176
1778976000000,4,0.00004072
1778990400012,4,0.00005000
1779004800010,4,0.00003127
1779019200014,4,0.00002156
1779033600009,4,0.00004521
1779048000002,4,-0.00004292
1779062400007,4,-0.00002022
1779076800000,4,0.00005000
1779091200002,4,0.00005000
1779105600001,4,-0.00001315
1779120000007,4,0.00005000
1779134400000,4,0.00005000
1779148800001,4,0.00005000
1779163200003,4,0.00005000
1779177600001,4,-0.00003053
1779192000000,4,0.00005000
1779206400009,4,0.00005000
1779220800001,4,0.00005000
1779235200001,4,0.00005000
1779249600001,4,0.00005000
1779264000006,4,0.00005000
1779278400001,4,0.00005000
1779292800000,4,0.00005000
1779307200019,4,0.00005000
1779321600001,4,0.00000652
1779336000000,4,0.00004614
1779350400000,4,0.00004318
1779364800000,4,0.00002257
1779379200000,4,0.00005000
1779393600001,4,0.00005000
1779408000000,4,0.00005000
1779422400000,4,0.00005000
1779436800004,4,0.00005000
1779451200000,4,0.00005000
1779465600001,4,0.00005000
1779480000002,4,0.00001998
1779494400009,4,0.00002437
1779508800006,4,0.00005000
1779523200001,4,-0.00000976
1779537600000,4,-0.00001419
1779552000003,4,-0.00002618
1779566400007,4,-0.00008684
1779580800011,4,0.00000835
1779595200001,4,0.00000463
1779609600008,4,-0.00006496
1779624000001,4,0.00005000
1779638400000,4,0.00003124
1779652800002,4,0.00002436
1779667200001,4,0.00002002
1779681600000,4,-0.00009969
1779696000001,4,0.00005000
1779710400008,4,-0.00002186
1779724800001,4,-0.00001345
1779739200000,4,-0.00003814
1779753600000,4,-0.00012207
1779768000003,4,0.00001351
1779782400003,4,0.00001287
1779796800000,4,0.00005000
1779811200000,4,0.00001524
1779825600000,4,0.00002157
1779840000000,4,0.00005000
1779854400002,4,0.00004467
1779868800004,4,0.00002610
1779883200007,4,0.00004854
1779897600009,4,0.00005000
1779912000001,4,0.00005000
1779926400001,4,0.00002742
1779940800000,4,0.00002577
1779955200000,4,0.00005000
1779969600000,4,0.00003444
1779984000001,4,0.00000289
1779998400005,4,0.00001852
1780012800000,4,-0.00002021
1780027200000,4,-0.00000501
1780041600001,4,-0.00001800
1780056000001,4,-0.00010260
1780070400008,4,0.00004066
1780084800000,4,0.00005000
1780099200000,4,0.00005000
1780113600004,4,0.00005000
1780128000001,4,0.00005000
1780142400000,4,0.00001273
1780156800000,4,0.00003685
1780171200000,4,0.00005000
1780185600000,4,0.00003266
1780200000006,4,0.00005000
1780214400000,4,0.00003010
1780228800005,4,0.00001762
1780243200004,4,-0.00007827
1780257600010,4,-0.00001399
1780272000001,4,0.00005000
1780286400006,4,0.00005000
1780300800001,4,-0.00001078
1780315200000,4,0.00005000
1780329600000,4,-0.00000227
1780344000000,4,0.00005000
1780358400000,4,0.00005000
1780372800008,4,0.00005000
1780387200000,4,0.00005000
1780401600002,4,0.00005000
1780416000000,4,-0.00002511
1780430400000,4,-0.00001338
1780444800013,4,-0.00000364
1780459200000,4,0.00001399
1780473600000,4,0.00005000
1780488000000,4,0.00005000
1780502400001,4,0.00005000
1780516800002,4,0.00005000
1780531200009,4,-4.6E-7
1780545600000,4,0.00003854
1780560000000,4,-0.00003528
1780574400002,4,0.00003500
1780588800003,4,0.00004221
1780603200001,4,0.00000844
1780617600000,4,0.00005000
1780632000001,4,-0.00001513
1780646400004,4,-0.00000717
1780660800000,4,0.00005000
1780675200009,4,2.2E-7
1780689600000,4,0.00001854
1780704000000,4,0.00005000
1780718400000,4,-0.00000515
1780732800000,4,0.00005000
1780747200002,4,0.00002005
1780761600000,4,0.00002667
1780776000003,4,0.00002770
1780790400001,4,0.00005000
1780804800000,4,0.00004807
1780819200000,4,0.00005000
1780833600000,4,-0.00002445
1780848000000,4,-0.00002506
1780862400000,4,-0.00016164
1780876800000,4,-0.00001307
1780891200009,4,0.00000283
1780905600005,4,0.00000447
1780920000001,4,-0.00026019
1780934400004,4,-0.00006364
1780948800000,4,0.00003673
1780963200000,4,-0.00001598
1780977600003,4,-0.00007482
1780992000000,4,0.00005000
1781006400000,4,0.00005000
1781020800001,4,0.00001631
1781035200000,4,-0.00002331
1781049600001,4,1.9E-7
1781064000002,4,0.00000859
1781078400011,4,0.00005000
1781092800002,4,0.00004274
1781107200009,4,0.00000961
1781121600003,4,-0.00001355
1781136000000,4,-0.00004741
1781150400000,4,0.00002752
1781164800004,4,0.00003702
1781179200005,4,0.00005000
1781193600000,4,0.00005000
1781208000014,4,0.00005000
1781222400000,4,0.00005000
1781236800000,4,0.00005000
1781251200000,4,-0.00001042
1781265600000,4,-0.00000646
1781280000000,4,-0.00004033
1781294400000,4,0.00002216
1781308800000,4,0.00001349
1781323200000,4,0.00005000
1781337600007,4,0.00005000
1781352000004,4,0.00005000
1781366400002,4,0.00002652
1781380800004,4,0.00005000
1781395200005,4,0.00005000
1781409600012,4,0.00005000
1781424000009,4,0.00005000
1781438400000,4,0.00005000
1781452800000,4,0.00005000
1781467200010,4,0.00005000
1781481600013,4,0.00004414
1781496000001,4,0.00005000
1781510400013,4,0.00005000
1781524800000,4,0.00005000
1781539200004,4,0.00005000
1781553600002,4,0.00003488
1781568000000,4,0.00000763
1781582400000,4,0.00000638
1781596800000,4,0.00000470
1781611200000,4,-0.00007419
1781625600001,4,0.00001605
1781640000000,4,0.00000969
1781654400012,4,0.00002857
1781668800000,4,0.00002460
1781683200000,4,0.00001374
1781697600000,4,0.00002126
1781712000000,4,0.00005000
1781726400000,4,-0.00008080
1781740800002,4,0.00005000
1781755200000,4,-0.00004179
1781769600000,4,0.00005000
1781784000004,4,-0.00005570
1781798400001,4,-0.00000406
1781812800000,4,0.00005000
1781827200005,4,0.00002931
1781841600000,4,0.00005000
1781856000001,4,-0.00005001
1781870400000,4,0.00005000
1781884800001,4,0.00001576
1781899200000,4,0.00002563
1781913600001,4,0.00005000
1781928000000,4,0.00005000
1781942400000,4,-0.00001837
1781956800001,4,0.00005000
1781971200001,4,0.00005000
1781985600000,4,0.00005000
1782000000000,4,0.00005000
1782014400000,4,0.00005000
1782028800000,4,0.00004747
1782043200001,4,0.00005000
1782057600000,4,0.00005000
1782072000004,4,0.00005000
1782086400000,4,-0.00007700
1782100800000,4,-0.00002351
1782115200000,4,0.00002727
1782129600000,4,0.00005000
1782144000002,4,-0.00005573
1782158400000,4,-0.00005511
1782172800003,4,0.00005000
1782187200000,4,-0.00000138
1782201600005,4,0.00002373
1782216000000,4,0.00003074
1782230400002,4,0.00005000
1782244800000,4,0.00005000
1782259200005,4,0.00005000
1782288000005,4,0.00005000
1782302400005,4,0.00005000
1782316800003,4,-0.00004676
1782331200006,4,0.00005000
1782345600000,4,0.00005000
1782360000008,4,0.00005000
1782374400000,4,0.00005000
1782388800006,4,0.00005000
1782403200000,4,0.00005000
1782417600011,4,0.00005000
1782432000010,4,0.00005000
1782446400001,4,0.00002151
1782460800002,4,0.00005000
1782475200004,4,0.00003409
1782489600000,4,0.00004154
1782504000000,4,0.00005000
1782518400000,4,0.00005000
1782532800000,4,0.00004648
1782547200000,4,0.00003688
1782561600001,4,0.00005000
1782576000009,4,0.00004759
1782590400000,4,0.00000565
1782604800000,4,0.00004994
1782619200002,4,0.00001617
1782633600013,4,0.00000936
1782648000008,4,0.00001706
1782662400000,4,0.00001385
1782676800003,4,0.00002761
1782691200006,4,0.00002005
1782705600000,4,0.00002851
1782720000013,4,0.00002549
1782734400001,4,0.00005000
1782748800004,4,-0.00002438
1782763200000,4,0.00005000
1782777600000,4,0.00005000
1782792000000,4,0.00003601
1782806400000,4,0.00005000
1782820800002,4,0.00001908
1782835200005,4,0.00001258
1782849600003,4,0.00005000
1782864000000,4,0.00005000
1782878400001,4,0.00005000
1782892800000,4,0.00004538
1782907200000,4,0.00005000
1782921600000,4,0.00005000
1782936000000,4,0.00005000
1782950400000,4,0.00002245
1782964800003,4,0.00000915
1782979200000,4,0.00005000
1782993600005,4,-0.00006077
1783008000000,4,-0.00006802
1783022400008,4,-0.00001923
1783036800000,4,0.00002696
1783051200000,4,0.00002463
1783065600007,4,0.00005000
1783080000002,4,0.00005000
1783094400000,4,0.00005000
1783108800001,4,0.00005000
1783123200000,4,0.00005000
1783137600006,4,0.00005000
1783152000000,4,0.00005000
1783166400000,4,0.00005000
1783180800007,4,0.00005000
1783195200000,4,0.00005000
1783209600003,4,0.00005000
1783224000002,4,0.00005000
1783238400001,4,0.00005000
1783252800000,4,0.00005000
1783267200000,4,0.00005000
1783281600000,4,0.00005000
1783296000000,4,0.00005000
1783310400000,4,0.00005000
1783324800000,4,0.00005000
1783339200002,4,0.00005000
1783353600000,4,0.00005000
1783368000003,4,0.00005000
1783382400000,4,0.00005000
1783396800000,4,0.00005000
1783411200000,4,0.00005000
1783425600010,4,0.00005000
1783440000000,4,0.00005000
1783454400000,4,0.00005000
1783468800000,4,0.00005000
1783483200003,4,0.00003988
1783497600000,4,0.00005000
1783512000005,4,0.00005000
1783526400000,4,0.00005000
1783540800006,4,0.00005000
1783555200000,4,0.00002355
1783569600002,4,0.00005000
1783584000001,4,0.00005000
1783598400002,4,0.00005000
1783612800001,4,0.00002421
1783627200000,4,0.00005000
1783641600000,4,0.00004736
1783656000000,4,0.00005000
1783670400005,4,0.00005000
1783684800002,4,0.00003693
1783699200005,4,0.00005000
1783713600000,4,-0.00000484
1783728000000,4,0.00005000
1783742400000,4,0.00005000
1783756800000,4,-0.00004474
1783771200008,4,0.00005000
1783785600000,4,0.00005000
1783800000000,4,0.00005000
1783814400000,4,0.00005000
1783828800000,4,0.00005000
1783843200003,4,0.00005000
1783857600000,4,0.00005000
1783872000000,4,0.00005000
1783886400002,4,0.00005000
1783900800000,4,0.00005000
1783915200000,4,0.00005000
1783929600001,4,0.00005000
1783944000000,4,0.00005000
1783958400004,4,0.00002916
1783972800000,4,0.00002781
1783987200000,4,0.00005000
1784001600000,4,0.00004243
1784016000002,4,-0.00001778
1784030400001,4,0.00000905
1784044800001,4,-0.00003317
1784059200000,4,0.00005000
1784073600005,4,-0.00002537
1784088000003,4,0.00005000
1784102400002,4,0.00005000
1784116800003,4,0.00001280
1784131200000,4,0.00003359
1784145600002,4,0.00005000
1784160000000,4,0.00005000
1784174400003,4,0.00003692
1784188800003,4,0.00002049
1784203200001,4,0.00005000
1784217600002,4,0.00005000
1784232000002,4,0.00005000
1784246400000,4,0.00005000
1784260800000,4,0.00005000
1784275200010,4,-0.00001149
1784289600004,4,0.00005000
1784304000004,4,0.00005000
1784318400000,4,-0.00001156
1784332800000,4,-0.00001255
1784347200000,4,-0.00005144
1784361600000,4,-0.00000743
1784376000002,4,-0.00000991
1784390400001,4,0.00000532
1784404800004,4,0.00001873
1784419200003,4,0.00001848
1784433600000,4,-0.00001045
1784448000000,4,0.00005000
1784462400000,4,-0.00001607
1784476800001,4,-0.00001373
1784491200004,4,0.00002550
1784505600000,4,0.00005000
1784520000000,4,0.00005000
1784534400001,4,0.00005000
1784548800000,4,0.00005000
1784563200004,4,0.00005000
1784577600002,4,0.00004404
1784592000001,4,0.00000535
1784606400000,4,-0.00000580
1784620800000,4,0.00005000
1784635200000,4,0.00005000
1784649600002,4,0.00005000
1784664000000,4,0.00005000
1784678400000,4,0.00005000
1784692800008,4,-0.00007622
1784707200000,4,0.00005000
1784721600000,4,0.00000579
1784736000001,4,-0.00002166
1784750400000,4,0.00003991
1784764800000,4,-0.00002956
1784779200006,4,0.00005000
1784793600000,4,0.00005000
1784808000000,4,0.00002906
1784822400000,4,0.00005000
1784836800000,4,0.00000884
1784851200000,4,0.00002518
1784865600001,4,0.00005000
1784880000000,4,0.00005000
1784894400000,4,0.00005000
1784908800008,4,0.00004476
1784923200001,4,0.00002745
1784937600002,4,0.00005000
1784952000000,4,0.00005000
1784966400000,4,0.00005000
1784980800000,4,0.00005000
1784995200000,4,0.00005000
1785009600003,4,0.00005000
1785024000000,4,0.00005000
1785038400000,4,0.00005000
1785052800002,4,0.00005000
1785067200000,4,0.00005000
1785081600000,4,0.00005000
1785096000000,4,0.00001780
1785110400010,4,0.00005000
1785124800000,4,0.00005000
1785139200000,4,0.00005000
1785153600000,4,0.00005000
1785168000001,4,0.00005000
1785182400004,4,0.00005000
1785196800000,4,0.00005000
1785211200012,4,0.00005000
1785225600000,4,0.00005000
1785240000001,4,0.00005000
1785254400000,4,0.00005000
1785268800000,4,0.00001915
1785283200000,4,0.00005000
1785297600000,4,-0.00016421
1785312000002,4,0.00003064
1785326400007,4,0.00002048
1785340800000,4,-0.00005640
1785355200003,4,-0.00004993
1785369600000,4,-0.00015308
1785384000001,4,-0.00008021
1785398400000,4,-0.00015725
1785412800000,4,-0.00004842
1785427200000,4,-0.00003195
1785441600003,4,-0.00001247
1785456000003,4,0.00003945
1785470400000,4,0.00005000
1785484800000,4,0.00000606
1785499200000,4,0.00005000
1785513600000,4,-2.7E-7
1785528000001,4,0.00001847
1785542400001,4,0.00005000
1785556800000,4,-0.00011924
1785571200000,4,-0.00010649
1785585600000,4,0.00005000
1785600000000,4,-0.00008776
1785614400000,4,0.00002873
1785628800000,4,0.00005000
1785643200000,4,-0.00005202
1785657600000,4,-0.00000666
1785672000007,4,0.00001418
1785686400000,4,-0.00007001
1785700800002,4,-0.00009787
1785715200000,4,-0.00007134
1785729600000,4,0.00004412
1785744000000,4,0.00003037
1785758400000,4,0.00004695
1785772800000,4,-0.00009525
1785787200003,4,0.00005000
1785801600004,4,0.00005000
1785816000002,4,0.00005000
1785830400002,4,0.00005000
1785844800002,4,0.00003200
1785859200000,4,0.00005000
1785873600000,4,0.00005000
1785888000003,4,-0.00002579
1785902400001,4,-0.00009077
1785916800004,4,-0.00009521
1785931200008,4,-0.00001191
1785945600000,4,-0.00007626
1785960000000,4,-0.00013444
1785974400002,4,-0.00003924
1785988800000,4,-0.00005869
1786003200000,4,0.00000289
1786017600000,4,-0.00001681
1786032000000,4,0.00005000
1786046400001,4,-0.00007421
1786060800000,4,0.00000134
1786075200000,4,-9.4E-7
1786089600000,4,0.00005000
1786104000000,4,0.00005000
1786118400000,4,0.00005000
1786132800000,4,0.00005000
1786147200001,4,-0.00000872
1786161600000,4,-0.00006772
1786176000000,4,-0.00003053
1786190400001,4,0.00002782
1786204800002,4,0.00000352
1786219200000,4,0.00005000
1786233600000,4,0.00005000
1786248000000,4,0.00005000
1786262400005,4,0.00005000
1786276800000,4,0.00005000
1786291200000,4,0.00005000
1786305600000,4,0.00005000
1786320000001,4,0.00000605
1786334400000,4,0.00003353
1786348800005,4,-0.00001670
1786363200000,4,0.00002244
1786377600000,4,0.00000950
1786392000000,4,-0.00004834
1786406400000,4,-0.00004108
1786420800000,4,-0.00006060
1786435200006,4,-0.00003645
1786449600001,4,-0.00010921
1786464000000,4,-0.00007272
1786478400003,4,-0.00000649
1786492800001,4,-0.00005253
1786507200000,4,-0.00002835
1786521600000,4,0.00000839
1786536000000,4,0.00002431
1786550400000,4,0.00001903
1786564800001,4,0.00005000
1786579200000,4,0.00005000
1786593600000,4,0.00005000
1786608000000,4,0.00005000
1786622400000,4,0.00002906
1786636800000,4,-0.00012029
1786651200002,4,0.00005000
1786665600000,4,-0.00001140
1786680000001,4,0.00002761
1786694400001,4,0.00005000
1786708800002,4,-0.00005128
1786723200001,4,-0.00000118
1786737600000,4,0.00001690
1786752000003,4,-0.00008601
1786766400000,4,0.00005000
1786780800002,4,0.00000557
1786795200001,4,0.00004815
1786809600000,4,0.00005000
1786824000003,4,-0.00004381
1786838400000,4,0.00005000
1786852800001,4,0.00005000
1786867200002,4,-0.00002735
1786881600008,4,0.00005000
1786896000000,4,0.00005000
1786910400000,4,0.00005000
1786924800001,4,0.00005000
1786939200001,4,0.00005000
1786953600003,4,-0.00001357
1786968000002,4,0.00005000
1786982400005,4,0.00005000
1786996800000,4,0.00002224
1787011200006,4,0.00005000
1787025600001,4,-0.00002039
1787040000001,4,-0.00010708
1787054400000,4,-0.00001068
1787068800003,4,-0.00007166
1787083200008,4,-0.00008975
1787097600000,4,0.00002136
1787112000001,4,-0.00001327
1787126400000,4,-0.00017073
1787140800000,4,0.00001057
1787155200004,4,-0.00004632
1787169600009,4,-0.00010614
1787184000001,4,0.00005000
1787198400011,4,0.00005000
1787212800000,4,0.00005000
1787227200002,4,0.00005000
1787241600005,4,0.00005000
1787256000001,4,0.00005000
1787270400004,4,0.00005000
1787284800000,4,0.00005000
1787299200000,4,0.00005000
1787313600000,4,0.00005000
1787328000001,4,0.00005000
1787342400000,4,0.00005000
1787356800000,4,0.00005000
1787371200004,4,0.00005000
1787385600000,4,0.00005000
1787400000002,4,0.00005000
1787414400000,4,0.00005000
1787428800001,4,0.00005000
1787443200000,4,0.00005000
1787457600004,4,0.00005000
1787472000000,4,0.00005000
1787486400002,4,0.00005000
1787500800006,4,0.00005000
1787515200000,4,0.00005000
1787529600001,4,0.00005000
1787544000000,4,0.00005000
1787558400002,4,0.00005000
1787572800000,4,0.00005000
1787587200000,4,0.00005000
1787601600000,4,0.00005000
1787616000001,4,0.00005000
1787630400001,4,0.00005000
1787644800000,4,0.00005000
1787659200001,4,0.00005000
1787673600005,4,0.00005000
1787688000000,4,0.00005000
1787702400000,4,0.00005000
1787716800000,4,0.00005000
1787731200005,4,0.00005000
1787745600000,4,0.00005000
1787760000000,4,0.00005000
1787774400000,4,0.00005000
1787788800000,4,0.00005000
1787803200000,4,0.00005000
1787817600000,4,0.00005000
1787832000000,4,0.00005000
1787846400013,4,0.00005000
1787860800000,4,0.00005000
1787875200026,4,0.00005000
1787889600008,4,0.00005000
1787904000000,4,0.00005000
1787918400004,4,0.00005000
1787932800001,4,0.00005000
1787947200000,4,0.00005000
1787961600000,4,0.00005000
1787976000000,4,0.00005000
1787990400000,4,0.00005000
1788004800000,4,0.00005000
1788019200002,4,0.00005000
1788033600002,4,0.00005000
1788048000000,4,0.00005000
1788062400000,4,0.00005000
1788076800000,4,0.00005000
1788091200000,4,0.00005000
1788105600001,4,0.00005000
1788120000000,4,0.00005000
1788134400002,4,0.00005000
1788148800002,4,0.00005000
1788163200002,4,0.00005000
1788177600003,4,0.00005000
1788192000001,4,0.00005000
1788206400000,4,0.00005000
